100.4921399, 13.7470135
100.4925232, 13.7465296
100.4942538, 13.7470696
100.4939117, 13.7469553
100.5668786, 13.729788
100.5684227, 13.7311959
100.5667511, 13.729518
100.5663949, 13.7297331
100.567576, 13.7318056
100.5675581, 13.7317716
100.5684193, 13.7311595
100.5676082, 13.7298547
100.5678038, 13.7297548
100.5682768, 13.7309323
100.5684283, 13.730861
100.5672561, 13.731564
100.5021837, 13.7443731
100.5084133, 13.739335
100.4906858, 13.7593996
100.4900377, 13.7582954
100.5743592, 13.7458257
100.4923097, 13.7527233
100.4940201, 13.6515654
100.4953611, 13.6515189
100.5419604, 13.731138
100.5420453, 13.7306433
100.5596217, 13.7334834
100.5598222, 13.7334595
100.5457027, 13.7342153
100.5456819, 13.7341002
100.5653386, 13.7230986
100.565311, 13.722926
100.5411364, 13.727477
100.5412989, 13.7277963
100.5405246, 13.7280212
100.5405677, 13.7281281
100.5435822, 13.7280079
100.5436654, 13.7278907
100.5444, 13.7267335
100.5436046, 13.7272507
100.5447828, 13.7324348
100.5584425, 13.7834293
100.558995, 13.7831376
100.5460475, 13.7341092
100.5460465, 13.7340866
100.494101, 13.76351
100.4946257, 13.7629511
100.5218482, 13.7137611
100.5219065, 13.713789
100.5359587, 13.7237474
100.5360791, 13.7233871
100.5043981, 13.7560535
100.4972431, 13.7589148
100.4967898, 13.7586384
100.5022036, 13.7582954
100.4991911, 13.7594158
100.5002199, 13.7576296
100.4995745, 13.7577712
100.5003116, 13.757857
100.4998097, 13.7580723
100.5003661, 13.7579867
100.4896329, 13.7559983
100.48881, 13.756122
100.4890888, 13.7564658
100.488764, 13.7559361
100.4888405, 13.7555684
100.4896069, 13.7555367
100.4888763, 13.7557719
100.4893413, 13.7555485
100.4963965, 13.7654263
100.4966541, 13.765715
100.500197, 13.7647439
100.4998935, 13.7649133
100.4981874, 13.7642145
100.4985835, 13.7628041
100.4988992, 13.7584266
100.4990743, 13.758404
100.502395, 13.7544459
100.5024328, 13.75462
100.501061, 13.764227
100.5017842, 13.7638597
100.5023408, 13.7634222
100.5031745, 13.763787
100.5391097, 13.7319684
100.5387304, 13.7314704
100.5392678, 13.7321369
100.5425417, 13.7316939
100.5423989, 13.7316439
100.5422653, 13.7316034
100.5429792, 13.7299231
100.5439992, 13.7298074
100.5428542, 13.7299019
100.541024, 13.7310859
100.5417519, 13.7308978
100.5388737, 13.7302647
100.5379665, 13.7299349
100.5387007, 13.7304506
100.5378782, 13.7301587
100.5387381, 13.7303954
100.5409653, 13.7311922
100.5388126, 13.7303091
100.5406539, 13.7288201
100.5410226, 13.7286609
100.542313, 13.7287437
100.5427537, 13.7286431
100.5405283, 13.7340077
100.5416327, 13.7320411
100.5415896, 13.7318805
100.5418535, 13.7311191
100.5409344, 13.7330762
100.5392432, 13.7328464
100.5411077, 13.7331383
100.5418976, 13.7285574
100.5426245, 13.7290683
100.6666446, 13.6882183
100.6665115, 13.6875347
100.6607525, 13.6898768
100.6585686, 13.6880726
100.6686734, 13.6878938
100.6683711, 13.6873816
100.668114, 13.6879795
100.6679688, 13.6874487
100.6675877, 13.6875157
100.6676878, 13.6880479
100.6676498, 13.6878565
100.6679228, 13.6878078
100.6676286, 13.6877176
100.6678952, 13.6876751
100.6664796, 13.6873542
100.6675559, 13.6871509
100.6664861, 13.6873954
100.6676727, 13.6880502
100.6676821, 13.688103
100.6677571, 13.6884157
100.6678691, 13.6883763
100.6677002, 13.6882001
100.6677387, 13.6883715
100.6677202, 13.6886691
100.6666812, 13.6888787
100.6669031, 13.688819
100.6663969, 13.6886363
100.6660878, 13.6890652
100.6664349, 13.6893728
100.6666727, 13.6890935
100.6666676, 13.6889931
100.6666503, 13.6885766
100.6662816, 13.6886588
100.6661339, 13.6893969
100.6662871, 13.6893873
100.666163, 13.6892404
100.666146, 13.6892385
100.6661218, 13.689241
100.6659225, 13.689416
100.6650847, 13.6888454
100.665559, 13.6888646
100.6655694, 13.6887052
100.6657176, 13.6889323
100.6657724, 13.6887614
100.6658474, 13.689042
100.6659917, 13.6890091
100.6645533, 13.6890583
100.6645338, 13.6888763
100.6645165, 13.6887904
100.6643801, 13.6880323
100.6655392, 13.6883911
100.6654454, 13.6878686
100.6635942, 13.686682
100.6641388, 13.6863615
100.6642355, 13.6863674
100.664342, 13.6864128
100.6647022, 13.6871026
100.6646859, 13.6871215
100.6648723, 13.6875903
100.6652318, 13.6875847
100.6644513, 13.6875305
100.6647243, 13.687495
100.6645648, 13.6872709
100.6645513, 13.6872896
100.6653529, 13.6875642
100.6654106, 13.6875567
100.6654671, 13.687863
100.6654392, 13.6877135
100.6654169, 13.6876001
100.6655164, 13.6874481
100.6655666, 13.6872494
100.6657086, 13.6873977
100.6643757, 13.6851691
100.6643195, 13.6852349
100.6642491, 13.6853308
100.6641927, 13.685434
100.6616848, 13.6827187
100.6617364, 13.683275
100.6646815, 13.6863875
100.6647776, 13.6863521
100.6648824, 13.6863184
100.6650004, 13.6862794
100.6639324, 13.6863514
100.66318, 13.6855559
100.6629165, 13.6857519
100.6630397, 13.6838102
100.6640448, 13.6853811
100.6638341, 13.6849759
100.6639206, 13.6850622
100.6640689, 13.6850099
100.6629972, 13.6851771
100.6629998, 13.6852816
100.6645176, 13.6862917
100.6621039, 13.6838881
100.6621542, 13.6840039
100.6620694, 13.6838073
100.6619836, 13.6838351
100.6616366, 13.6838815
100.6617492, 13.6838253
100.6617462, 13.6833868
100.6617336, 13.6831617
100.6616416, 13.683163
100.6620016, 13.6824191
100.6624908, 13.6829115
100.6619649, 13.6819648
100.6621031, 13.6818749
100.6622081, 13.6817997
100.6623935, 13.681685
100.6629838, 13.6819563
100.6632111, 13.681892
100.6627485, 13.6822738
100.6625796, 13.6823725
100.6624873, 13.6824337
100.6623031, 13.6825494
100.6628819, 13.6832761
100.6630045, 13.6831913
100.663264, 13.6830012
100.6629772, 13.6836953
100.6626385, 13.6835289
100.6635911, 13.6843741
100.6636946, 13.6841355
100.6637373, 13.6840049
100.6637865, 13.6838662
100.6625298, 13.685519
100.6627247, 13.685634
100.6644753, 13.6851154
100.6619506, 13.6803754
100.6618305, 13.680843
100.6616552, 13.6803312
100.6616229, 13.6806562
100.6615419, 13.6807134
100.6609557, 13.6822971
100.6608314, 13.6823798
100.6605634, 13.681762
100.6604365, 13.6818491
100.660877, 13.6831627
100.660842, 13.6832456
100.6614178, 13.6808027
100.661222, 13.680943
100.660276, 13.6819664
100.6601311, 13.6820665
100.6606663, 13.682491
100.6605137, 13.6825934
100.6682228, 13.689042
100.6681701, 13.68897
100.6680301, 13.6888145
100.6682228, 13.688758
100.668081, 13.6888728
100.667794, 13.6886153
100.6676033, 13.6884277
100.6668344, 13.6885102
100.665197, 13.689073
100.6654341, 13.6894206
100.6654515, 13.6895223
100.6656042, 13.6893542
100.6656726, 13.6894714
100.6656958, 13.6891366
100.6655271, 13.6889727
100.664545, 13.6890874
100.6651746, 13.6889556
100.6666091, 13.6893552
100.6641329, 13.6901164
100.6641968, 13.6898626
100.6641841, 13.6897708
100.6641441, 13.6895712
100.6636919, 13.6897507
100.6641587, 13.6894723
100.6645295, 13.6894175
100.6644586, 13.6894228
100.6643023, 13.6894246
100.6641928, 13.6893795
100.6639267, 13.6893258
100.6606805, 13.6887795
100.6640416, 13.6893993
100.6632349, 13.6897357
100.6631454, 13.6899851
100.66296, 13.6896713
100.6626124, 13.6896992
100.66086, 13.689835
100.661066, 13.6888512
100.6620732, 13.6895365
100.6608376, 13.6897862
100.6613653, 13.6899777
100.6613598, 13.6890805
100.6609068, 13.6890165
100.6621089, 13.6897288
100.6609635, 13.68926
100.6613289, 13.6892744
100.6628105, 13.6894358
100.6618353, 13.6889249
100.6621229, 13.6892382
100.6622495, 13.6892057
100.6625196, 13.6896214
100.6623861, 13.6892778
100.6616893, 13.6888946
100.6616049, 13.6894002
100.6612785, 13.6908371
100.6614274, 13.6906976
100.6614286, 13.6906346
100.6616344, 13.6906063
100.6616663, 13.6906034
100.6613972, 13.690635
100.6617548, 13.6904326
100.6620236, 13.6903727
100.66233, 13.6906247
100.6621385, 13.6903839
100.6616844, 13.6903376
100.6616886, 13.6903011
100.6616961, 13.6901852
100.6617004, 13.6900126
100.6598339, 13.6897841
100.6603944, 13.6899984
100.6603964, 13.6899422
100.6602871, 13.6903142
100.6602021, 13.6903751
100.6600971, 13.6904201
100.6600685, 13.6904294
100.6603974, 13.6900665
100.6612806, 13.6899381
100.6604779, 13.6902244
100.6605516, 13.6902148
100.6607424, 13.6901786
100.6618391, 13.6897095
100.6614433, 13.6896895
100.5521841, 13.8013192
100.5525455, 13.8013731
100.5523754, 13.8013518
100.5525628, 13.8015813
100.5524733, 13.8016066
100.5525177, 13.8020198
100.5550807, 13.8064568
100.5580831, 13.81154
100.5584392, 13.8114953
100.5526212, 13.8016697
100.5528889, 13.8026329
100.5534608, 13.8054729
100.5538691, 13.8055025
100.5527393, 13.8042664
100.5529002, 13.804116
100.5532918, 13.802174
100.5530157, 13.8023993
100.5534258, 13.8023861
100.55299, 13.8025427
100.5539375, 13.8033284
100.5536578, 13.803468
100.55401, 13.8041803
100.5540399, 13.804548
100.554215, 13.8043963
100.5540607, 13.8044461
100.5537898, 13.8047435
100.5536625, 13.804739
100.553743, 13.8048794
100.5553866, 13.8068968
100.5582106, 13.8109631
100.5577671, 13.8101925
100.5579302, 13.8099342
100.5578301, 13.8102871
100.5581477, 13.8103166
100.5586771, 13.8132372
100.5589465, 13.8132755
100.5582329, 13.8136261
100.5578374, 13.8128582
100.5575425, 13.8127423
100.5578113, 13.8119537
100.5570814, 13.8123693
100.5578664, 13.8117443
100.5568349, 13.8118827
100.5580161, 13.8116216
100.5581751, 13.8109031
100.5577722, 13.8114166
100.557763, 13.8113252
100.5575193, 13.8111459
100.5580299, 13.8109408
100.5577466, 13.8105424
100.5579386, 13.8104144
100.5575495, 13.8107079
100.5574735, 13.8105643
100.5576029, 13.8106102
100.5571409, 13.8106361
100.5567935, 13.810767
100.556543, 13.8103084
100.5562966, 13.8095008
100.5569241, 13.8094663
100.5558428, 13.8099176
100.5565484, 13.8094694
100.5566647, 13.8090702
100.5559688, 13.8096685
100.5559788, 13.8093837
100.5562378, 13.809499
100.5523486, 13.8028774
100.5526066, 13.8022435
100.5551293, 13.8077797
100.5559808, 13.8074226
100.5551056, 13.80748
100.5555526, 13.8071073
100.5543033, 13.8067996
100.5542835, 13.8068752
100.5540884, 13.806501
100.554171, 13.8063427
100.5539563, 13.8062492
100.5546103, 13.8055838
100.5546098, 13.805993
100.5545598, 13.8061233
100.5548251, 13.8060058
100.6628674, 13.6857275
100.6626312, 13.685584
100.6596749, 13.6869684
100.6615767, 13.6858461
100.6615584, 13.6857849
100.6596588, 13.6868853
100.6598185, 13.6879454
100.6585603, 13.6880333
100.6605997, 13.6876065
100.660664, 13.6876728
100.6607004, 13.6870924
100.6606228, 13.6869878
100.6604482, 13.6867571
100.6607382, 13.6871437
100.6604934, 13.6872881
100.6604037, 13.6875465
100.6598655, 13.6875826
100.6597348, 13.6877094
100.6598423, 13.6874248
100.6597434, 13.6874461
100.6598482, 13.6872337
100.6597167, 13.6872575
100.6598489, 13.6881112
100.6601278, 13.6892734
100.6589361, 13.6879687
100.658825, 13.6885516
100.6595782, 13.6878108
100.659526, 13.6875385
100.6596072, 13.6876925
100.6594525, 13.687715
100.6642582, 13.6858379
100.6645361, 13.6860199
100.660564, 13.6896634
100.6602913, 13.6896392
100.6597162, 13.689218
100.6606418, 13.6888377
100.6607733, 13.6886781
100.6606747, 13.6885015
100.6601914, 13.6882686
100.6603538, 13.6886781
100.6604017, 13.6885218
100.6666888, 13.6893498
100.6667344, 13.6894587
100.5151591, 13.7716146
100.5175703, 13.7741354
100.5174662, 13.7739331
100.5184755, 13.7733107
100.5261377, 13.720442
100.5260337, 13.7207985
100.5228584, 13.7194782
100.522745, 13.7198377
100.5201569, 13.7156134
100.520807, 13.7154759
100.5348239, 13.7243
100.5357729, 13.7236149
100.5253548, 13.7101934
100.4977017, 13.7656313
100.4974838, 13.7647
100.4961385, 13.7358075
100.4966685, 13.7370948
100.6402942, 13.9544258
100.6401323, 13.9517406
100.6832198, 13.6711848
100.6844224, 13.6708043
100.6828159, 13.67052
100.682414, 13.6706482
100.6826188, 13.6699186
100.6822153, 13.6700507
100.677476, 13.6772501
100.6775686, 13.677223
100.6774878, 13.67697
100.6780637, 13.6767394
100.677711, 13.677185
100.6780246, 13.6766335
100.6781942, 13.6767256
100.6782061, 13.6765978
100.5657092, 13.7471319
100.5657627, 13.7473094
100.6825448, 13.6691353
100.6824018, 13.6686999
100.6829006, 13.6694107
100.6827811, 13.669062
100.6891776, 13.6678757
100.6892757, 13.6681522
100.5084175, 13.7535696
100.5084295, 13.7535021
100.506121, 13.754079
100.5059605, 13.7541224
100.5072502, 13.7530155
100.507122, 13.7534721
100.540223, 13.7454107
100.5405719, 13.745358
100.5372703, 13.7631255
100.5388163, 13.7661156
100.5312909, 13.7515013
100.5313593, 13.7516357
100.4954906, 13.7636447
100.4917964, 13.7607083
100.4861471, 13.7538968
100.4862894, 13.7561684
100.4861138, 13.7524822
100.698592, 13.6689057
100.699452, 13.6687729
100.6990031, 13.6824589
100.6998293, 13.6824501
100.683189, 13.6842066
100.6831134, 13.6840106
100.5510783, 13.7110604
100.5507083, 13.7106814
100.4935298, 13.7620724
100.4931177, 13.7625989
100.6618853, 13.6837706
100.7153171, 13.6516919
100.7155503, 13.6516298
100.718099, 13.6614551
100.7184172, 13.6613633
100.7198419, 13.6675404
100.7201193, 13.6674506
100.7218607, 13.6750848
100.7220557, 13.6750391
100.7116779, 13.6388499
100.7119359, 13.6387191
100.7186577, 13.7222543
100.7186599, 13.7220045
100.7309012, 13.6950873
100.7312038, 13.6949698
100.7359961, 13.7068587
100.7362791, 13.7067266
100.7340676, 13.7026942
100.7344058, 13.7025597
100.711263, 13.6342574
100.7107914, 13.6334468
100.6690441, 13.7846675
100.674217, 13.7882831
100.6740734, 13.788202
100.674601, 13.7871197
100.6744634, 13.7870822
100.6695682, 13.7839413
100.6695294, 13.7839861
100.6696225, 13.7838522
100.668986, 13.7847704
100.6689464, 13.784833
100.6743893, 13.7871821
100.6741514, 13.7873803
100.6740546, 13.7874923
100.6742898, 13.7872251
100.674342, 13.7871398
100.6733504, 13.785323
100.6734474, 13.7853386
100.6737631, 13.7880336
100.6741398, 13.7880914
100.5533397, 13.8075254
100.5533307, 13.8077862
100.5532889, 13.8079424
100.5566188, 13.8114375
100.5565319, 13.8114815
100.5563514, 13.8115706
100.780651, 13.7217585
100.7806194, 13.7208717
100.7815511, 13.7218454
100.7817217, 13.7191473
100.7816719, 13.7191646
100.7804508, 13.7179573
100.7804573, 13.7182259
100.7806086, 13.7182057
100.7817669, 13.718284
100.7804715, 13.7188009
100.7817963, 13.7199834
100.7816993, 13.7199724
100.7816339, 13.7199654
100.7806693, 13.7205651
100.7806015, 13.7208717
100.7805212, 13.7208724
100.7806134, 13.7208717
100.7805806, 13.7199248
100.7804992, 13.7199299
100.5891227, 13.794051
100.589943, 13.7888965
100.6343504, 13.6684246
100.6343626, 13.6673343
100.5531757, 13.741416
100.4966673, 13.7651509
100.5387441, 13.7305455
100.5401478, 13.7309134
100.5394167, 13.7307103
100.5400067, 13.730835
100.5435315, 13.7300036
100.5446543, 13.7316083
100.5442389, 13.7305238
100.4870515, 13.7442661
100.4890358, 13.7449415
100.4889007, 13.7448859
100.4895569, 13.7437132
100.5145918, 13.7663427
100.513658, 13.766481
100.5147613, 13.7662734
100.514274, 13.7662192
100.5599595, 13.8934496
100.5598927, 13.8932599
100.6021736, 13.9226852
100.6028898, 13.9221724
100.5514467, 13.8078474
100.551365, 13.8079676
100.5500741, 13.809977
100.5492192, 13.806345
100.5502676, 13.8030782
100.5502542, 13.8034044
100.5499531, 13.803938
100.5499422, 13.8035764
100.5490456, 13.8051828
100.5491402, 13.8051723
100.5492335, 13.8051449
100.5493792, 13.80508
100.5494843, 13.8050487
100.5497876, 13.8051655
100.5496236, 13.8050767
100.5498314, 13.8050554
100.5503883, 13.8048621
100.5497844, 13.8051876
100.5497693, 13.8052887
100.5497717, 13.8054282
100.5497931, 13.8055113
100.5498528, 13.8056085
100.5498509, 13.8056926
100.5497943, 13.8058449
100.5497658, 13.805929
100.5497532, 13.8059772
100.5495075, 13.8062277
100.5494232, 13.8062601
100.549798, 13.8063038
100.5498204, 13.8063347
100.5498661, 13.806402
100.5499452, 13.80654
100.5499947, 13.8066141
100.5500751, 13.8067855
100.5502517, 13.8064541
100.5504011, 13.80638
100.5505133, 13.8063749
100.5511351, 13.8063119
100.5500057, 13.8066385
100.5501452, 13.8065384
100.5500621, 13.8067336
100.5501778, 13.8065102
100.5501139, 13.8068547
100.550219, 13.8069664
100.5502814, 13.807053
100.5503783, 13.8072142
100.5508673, 13.8075927
100.5508356, 13.80732
100.5511772, 13.8071405
100.5507059, 13.8077894
100.5508092, 13.8079518
100.550246, 13.8076608
100.550167, 13.8077236
100.5499566, 13.8078404
100.5493953, 13.8081819
100.5509092, 13.8081227
100.551147, 13.8085262
100.5492156, 13.803952
100.5490908, 13.8035926
100.5485602, 13.8046436
100.5487235, 13.8038721
100.5486906, 13.8046116
100.5488105, 13.8041501
100.5487056, 13.8044384
100.5485781, 13.8043714
100.5487759, 13.8041413
100.5490654, 13.8041043
100.5488509, 13.8042535
100.548996, 13.8042661
100.5489673, 13.8045328
100.548782, 13.8046771
100.5490257, 13.8049875
100.548821, 13.804843
100.5485856, 13.8049784
100.5488474, 13.8061956
100.5520558, 13.8043003
100.5523224, 13.8037898
100.5503039, 13.8033588
100.5501565, 13.8033201
100.5496564, 13.8038481
100.5501005, 13.8093629
100.5521727, 13.807804
100.5521298, 13.8077294
100.5521031, 13.8076919
100.552066, 13.8076363
100.5520029, 13.8075787
100.5515876, 13.8077713
100.5523049, 13.8076109
100.55464, 13.8085808
100.5529237, 13.8068217
100.551926, 13.80759
100.5521383, 13.8073174
100.5533555, 13.8068252
100.5537345, 13.8066094
100.5547955, 13.8083858
100.553847, 13.8068346
100.553683, 13.8069483
100.5540171, 13.807492
100.5525407, 13.8076392
100.5543232, 13.8073172
100.678207, 13.6762142
100.678328, 13.6761754
100.4959333, 13.7491014
100.4958036, 13.7489036
100.4958369, 13.7485764
100.4957427, 13.7486461
100.4961033, 13.7483281
100.4959538, 13.7483346
100.4952596, 13.7476412
100.495547, 13.7476167
100.4954152, 13.7472934
100.4954357, 13.747531
100.496236, 13.7482512
100.4964083, 13.7482436
100.4964901, 13.7482379
100.4961042, 13.7482573
100.5019898, 13.7488795
100.5021662, 13.74968
100.501646, 13.7488515
100.5019855, 13.7488245
100.5017363, 13.7496732
100.5018847, 13.7496524
100.5038963, 13.7494596
100.5033137, 13.749413
100.5020078, 13.7497615
100.5020133, 13.7498178
100.5035146, 13.7494828
100.5033657, 13.7493472
100.5016567, 13.7489489
100.5018831, 13.7489282
100.5027049, 13.74975
100.5019192, 13.749124
100.5024752, 13.7494949
100.5020762, 13.7492376
100.502688, 13.7495912
100.5027236, 13.7499242
100.5032354, 13.7485553
100.5035286, 13.74788
100.5030957, 13.7480217
100.5030656, 13.7496601
100.5030287, 13.7495019
100.5016915, 13.7481425
100.5029677, 13.7495179
100.5032674, 13.7487041
100.502765, 13.7494912
100.5027844, 13.7495659
100.5027817, 13.7495523
100.5032157, 13.7487146
100.4946085, 13.7473251
100.4940606, 13.7491236
100.5015063, 13.7481244
100.5019327, 13.7484628
100.6344511, 13.6673935
100.6344261, 13.667279
100.6344295, 13.6681419
100.6344575, 13.6682423
100.660317, 13.6867229
100.6476329, 13.6928922
100.6470557, 13.6929285
100.6472345, 13.6948107
100.647755, 13.6946477
100.4995736, 13.7361831
100.4990511, 13.7367552
100.4995654, 13.7369122
100.4993868, 13.7363876
100.4998675, 13.7362506
100.4993086, 13.7367815
100.499028, 13.7367776
100.4992636, 13.7365574
100.4996509, 13.7362728
100.499663, 13.7362498
100.4994491, 13.7360226
100.4996058, 13.7362215
100.6747042, 13.6544731
100.6742276, 13.6536717
100.6748811, 13.6543612
100.6748192, 13.6542499
100.6744323, 13.653548
100.6744824, 13.653643
100.655677, 13.6838148
100.6554872, 13.683941
100.6564626, 13.6838437
100.6558899, 13.6836931
100.6554708, 13.6838556
100.6557835, 13.6837258
100.6556919, 13.6834509
100.656979, 13.6830356
100.6570586, 13.68305
100.6559411, 13.6834553
100.6569846, 13.6830106
100.6570067, 13.6828145
100.7313715, 13.7645186
100.7314861, 13.7646679
100.7311791, 13.764691
100.7310693, 13.7645416
100.7313851, 13.7644606
100.7302925, 13.7634847
100.7313227, 13.7643815
100.7312602, 13.7643841
100.7304865, 13.7633212
100.7343965, 13.7631086
100.7341269, 13.7631045
100.567936, 13.8450059
100.5680104, 13.8451417
100.5680481, 13.8452141
100.5680385, 13.8456175
100.5685174, 13.8462903
100.5684304, 13.846327
100.5682456, 13.8453671
100.568436, 13.845933
100.570893, 13.8426188
100.5708797, 13.8425964
100.56896, 13.8436968
100.5712465, 13.8427503
100.5679984, 13.845242
100.5678231, 13.8460994
100.5700336, 13.8430956
100.5701697, 13.843327
100.5706926, 13.8432231
100.5704967, 13.8465195
100.5708531, 13.842554
100.5708296, 13.8425165
100.5146145, 13.8605444
100.5152332, 13.8604228
100.5152429, 13.8605472
100.4829361, 13.879953
100.4830858, 13.8810125
100.440121, 13.6622577
100.4402819, 13.6634223
100.4406642, 13.6628327
100.4487516, 13.6815208
100.5669932, 13.7014337
100.4562135, 13.6729956
100.4566077, 13.672368
100.504259, 13.7550784
100.5043676, 13.7553767
100.5341683, 13.6578933
100.532465, 13.6588319
100.5324875, 13.657523
100.5333965, 13.6591614
100.3841883, 13.6484682
100.3843448, 13.6482745
100.4055775, 13.6685816
100.4062266, 13.6685399
100.5997225, 13.7086463
100.5995063, 13.7085715
100.6008906, 13.7096959
100.5653501, 13.730391
100.5649067, 13.7274069
100.5652602, 13.7303895
100.5651083, 13.7303902
100.5646174, 13.7277099
100.6067256, 13.7145092
100.6066716, 13.7147121
100.6071065, 13.7155801
100.6072513, 13.7145847
100.6072253, 13.7147639
100.6071894, 13.7150106
100.6066344, 13.7148403
100.6081432, 13.7093325
100.6053253, 13.6736418
100.6879192, 13.6679694
100.687938, 13.6680399
100.6852541, 13.6664887
100.6852244, 13.6663901
100.687856, 13.6679876
100.6878775, 13.6680573
100.6872764, 13.6659182
100.6872469, 13.66581
100.6852003, 13.6665049
100.6851672, 13.6664075
100.6872263, 13.6659324
100.6871922, 13.6658257
100.4454835, 13.7548655
100.4460253, 13.7549645
100.4982016, 13.7593768
100.4975929, 13.758754
100.4979961, 13.7585563
100.5094432, 13.7426589
100.51011, 13.7438412
100.6210496, 13.7336441
100.6256235, 13.7351596
100.6107677, 13.7308163
100.6107025, 13.7307835
100.6314352, 13.7151416
100.6210602, 13.7336034
100.6107149, 13.7311086
100.6267868, 13.7130402
100.6210173, 13.7337756
100.5539044, 13.9325284
100.5548748, 13.9319783
100.5351326, 13.9018791
100.5352459, 13.9022
100.4956734, 13.9141637
100.496933, 13.9144963
100.4093529, 13.7109476
100.4093959, 13.7105828
100.408019, 13.7109895
100.4083846, 13.7115857
100.4501114, 13.6693684
100.4504923, 13.668769
100.4449777, 13.6662383
100.4453773, 13.6656259
100.5153296, 13.8604282
100.5143737, 13.8605586
100.4285842, 13.6561908
100.4290026, 13.6556383
100.4945998, 13.7615824
100.4945305, 13.7616739
100.4069038, 13.6888521
100.4076066, 13.6888052
100.5415064, 13.7295448
100.5407522, 13.7290515
100.5416266, 13.7301399
100.5413935, 13.7309426
100.5413126, 13.730295
100.5414279, 13.7332585
100.5447614, 13.7324954
100.5430343, 13.7319004
100.542717, 13.7339794
100.5408782, 13.7330541
100.5394276, 13.7322957
100.5954562, 13.8740884
100.5945877, 13.8726184
100.4981001, 13.7637733
100.4979494, 13.7638808
100.4193032, 13.7117947
100.4193251, 13.7115083
100.426312, 13.7072134
100.4271143, 13.7077058
100.4271791, 13.7075307
100.4277124, 13.7077084
100.4247237, 13.7122866
100.4247532, 13.7119791
100.4268783, 13.712404
100.4269078, 13.7121356
100.7360487, 14.0208109
100.7360929, 14.0207066
100.7954293, 14.0428007
100.7953882, 14.0429267
100.7287536, 14.0178227
100.7288104, 14.0177005
100.7653313, 14.0326436
100.765377, 14.0325061
100.7694906, 14.0339287
100.7694333, 14.0340612
100.7764027, 14.0363067
100.7763633, 14.0364118
100.7608417, 14.0309608
100.7608027, 14.0310785
100.7807464, 14.0377599
100.780702, 14.0378791
100.786938, 14.0398775
100.786898, 14.04
100.5295902, 13.859573
100.5288499, 13.8599379
100.4874076, 13.8824579
100.5857591, 13.7432188
100.5858879, 13.743191
100.5975283, 13.7335019
100.5973826, 13.7334817
100.5980878, 13.7293902
100.5981946, 13.7287479
100.5188592, 13.6863336
100.407089, 13.6962897
100.4077395, 13.6963642
100.5376211, 13.9091954
100.5375559, 13.9084831
100.5377598, 13.9098969
100.5376372, 13.9093178
100.5376068, 13.9090872
100.5746519, 13.8057147
100.5747646, 13.8055689
100.6393353, 13.7148309
100.6392864, 13.7150922
100.6370901, 13.7222158
100.6371226, 13.7220624
100.5588431, 13.7204645
100.5587211, 13.7205166
100.5593835, 13.7202294
100.5594705, 13.7201977
100.5590042, 13.7205334
100.5578882, 13.7181574
100.5584226, 13.7172247
100.5101041, 13.7606087
100.4993806, 13.7601625
100.5007835, 13.7602557
100.5001932, 13.7605092
100.5680237, 13.8524155
100.5679826, 13.8524197
100.5672092, 13.8526722
100.5680574, 13.8525664
100.5687193, 13.8506915
100.5676411, 13.8523943
100.5694895, 13.8518807
100.5694196, 13.8518806
100.5682217, 13.8504663
100.5682205, 13.8505583
100.5671938, 13.8524378
100.5672333, 13.8524378
100.5687224, 13.8508676
100.5687545, 13.850865
100.5573196, 13.839476
100.5581748, 13.8392709
100.5350852, 13.7414005
100.6814571, 13.7694591
100.68178, 13.7695429
100.5333086, 13.7458494
100.533376, 13.7458693
100.5342781, 13.7457963
100.5342638, 13.7457133
100.535135, 13.7456472
100.53512, 13.7455676
100.5320207, 13.7465185
100.5318897, 13.7465457
100.5309334, 13.7461861
100.529788, 13.7463802
100.5305189, 13.7464614
100.530343, 13.7459517
100.5301526, 13.7464964
100.5301249, 13.7463281
100.5298388, 13.7460322
100.5298919, 13.7463665
100.5302671, 13.7443569
100.5307122, 13.7442148
100.5311622, 13.7465235
100.5310258, 13.7458231
100.5320715, 13.7468134
100.5319073, 13.7467936
100.535657, 13.7451773
100.5361296, 13.7454073
100.5421631, 13.7443613
100.5421221, 13.7441026
100.538734, 13.7450627
100.5387035, 13.7448083
100.5412607, 13.7441744
100.5413174, 13.7445178
100.5409849, 13.7444547
100.5409348, 13.7441793
100.5356536, 13.7452025
100.5351297, 13.7453897
100.5361119, 13.7452781
100.5421443, 13.7442425
100.5396515, 13.7447521
100.5396142, 13.7445344
100.5408572, 13.7444772
100.540879, 13.7448311
100.5366099, 13.7304594
100.5369934, 13.7311235
100.5339601, 13.7340752
100.5342123, 13.7340439
100.5333203, 13.7456776
100.5333065, 13.745601
100.540076, 13.7307423
100.5350061, 13.7393122
100.5347459, 13.7393461
100.5608497, 13.7370081
100.5606158, 13.7366806
100.5363218, 13.7292907
100.5350206, 13.7288058
100.5616164, 13.7367813
100.5610604, 13.7368523
100.5607377, 13.7365977
100.5364226, 13.7298407
100.5364148, 13.7292108
100.5541705, 13.802963
100.5541586, 13.80297
100.5541169, 13.8028987
100.5541308, 13.8028878
100.5539229, 13.8029943
100.5537443, 13.8030994
100.55351, 13.802288
100.5533243, 13.80239
100.5539104, 13.8025456
100.5539397, 13.8025303
100.5537145, 13.802189
100.5537051, 13.8021943
100.5607056, 13.8146281
100.5609015, 13.8150612
100.5604914, 13.8146769
100.534072, 13.7379404
100.5341093, 13.7381786
100.6245329, 13.6236324
100.6249943, 13.6233665
100.6228725, 13.6204
100.6233553, 13.6201497
100.5076289, 13.7179438
100.5078461, 13.71785
100.5354514, 13.7453848
100.5351937, 13.7441277
100.5356077, 13.7444885
100.5350138, 13.7445853
100.5320043, 13.7461317
100.5319746, 13.7459173
100.5306225, 13.7443129
100.5306566, 13.7444197
100.5211123, 13.8139311
100.5212974, 13.8139832
100.5334342, 13.8068097
100.5394961, 13.8032962
100.5294344, 13.736417
100.5291311, 13.7364508
100.5289847, 13.7352781
100.529256, 13.7352404
100.5293575, 13.7377059
100.5295969, 13.7376754
100.5296692, 13.7398641
100.529945, 13.7398254
100.5089807, 13.8406035
100.5094447, 13.840304
100.5376981, 13.763889
100.5375996, 13.7640746
100.539224, 13.7652624
100.5391164, 13.7652331
100.5384707, 13.764049
100.538465, 13.764071
100.539001, 13.7658095
100.5390884, 13.7659692
100.5393322, 13.7645802
100.5392678, 13.7646117
100.539233, 13.7646285
100.539123, 13.7646821
100.5394628, 13.7645183
100.539304, 13.7643454
100.5390547, 13.7644645
100.5390307, 13.7644749
100.5369596, 13.7623506
100.5369964, 13.7621175
100.5366372, 13.762252
100.5367757, 13.762457
100.5373712, 13.765434
100.5373555, 13.7651346
100.5392328, 13.7643822
100.5390888, 13.7644488
100.5379986, 13.9053534
100.5383145, 13.9053753
100.5034661, 13.824576
100.5037102, 13.8246319
100.4959694, 13.8413405
100.4962215, 13.8414069
100.5177328, 13.8187262
100.5179099, 13.8185439
100.5393954, 13.9126403
100.5395175, 13.9126201
100.5214262, 13.8014312
100.5212492, 13.8014364
100.5393541, 13.8302675
100.5393253, 13.830135
100.5489778, 13.822508
100.5487069, 13.8225236
100.5418485, 13.8428874
100.542047, 13.8428405
100.5205866, 13.8568281
100.5203425, 13.8569791
100.4941695, 13.8560858
100.494207, 13.8562473
100.4933498, 13.8568939
100.4931172, 13.8568701
100.4895641, 13.8680412
100.4898404, 13.8685151
100.5332335, 13.7465063
100.5332273, 13.7464634
100.533926, 13.75693
100.5339822, 13.7569185
100.5314836, 13.7522868
100.5315177, 13.7525278
100.5288963, 13.7690024
100.5289898, 13.7692146
100.5286987, 13.7466794
100.5287001, 13.7466891
100.5336028, 13.7562778
100.5336486, 13.7563585
100.5324594, 13.7466362
100.5324561, 13.7465945
100.528477, 13.7685556
100.5282881, 13.7686298
100.5328187, 13.7465759
100.5328154, 13.7465334
100.5333659, 13.7563967
100.533324, 13.7563152
100.5290016, 13.7692414
100.5288071, 13.7696657
100.5278413, 13.7665803
100.5275419, 13.7666988
100.528663, 13.7464681
100.5282376, 13.7465337
100.5284863, 13.7689638
100.5288819, 13.7689698
100.5286221, 13.7689067
100.6001159, 13.9161441
100.5986221, 13.9132342
100.601649, 13.9208167
100.6014796, 13.9205113
100.6014991, 13.9208585
100.6013393, 13.9205656
100.6014141, 13.9204953
100.6007649, 13.9208431
100.6020392, 13.9201778
100.6012602, 13.9205779
100.4673528, 13.8701113
100.4674681, 13.8706321
100.4600009, 13.8727284
100.4602208, 13.8731893
100.5553254, 13.9323104
100.5552255, 13.9320687
100.5548988, 13.9319525
100.5553741, 13.9320483
100.5541083, 13.9324879
100.5540727, 13.9326498
100.5548338, 13.9325252
100.5546278, 13.9327493
100.5550127, 13.9319121
100.5550696, 13.9320421
100.5552742, 13.9325473
100.5550273, 13.9320609
100.5554696, 13.9323402
100.5547919, 13.9322127
100.4458361, 13.8764261
100.4457905, 13.876939
100.5149003, 13.8161321
100.5146964, 13.8158143
100.4829169, 13.8480814
100.4814353, 13.8499802
100.4809731, 13.8481588
100.6453388, 13.7384805
100.4106348, 13.8040816
100.411314, 13.8040302
100.5440391, 13.7440508
100.543957, 13.7438225
100.5601877, 13.733607
100.5599235, 13.7337448
100.5578893, 13.7301686
100.559506, 13.7329814
100.5590481, 13.7330451
100.5593601, 13.7330142
100.5592164, 13.732696
100.5595401, 13.7330295
100.5592838, 13.7326505
100.5590716, 13.732724
100.5591926, 13.7330359
100.5591518, 13.7327223
100.5689576, 13.7183008
100.5688648, 13.7180873
100.5607017, 13.7368116
100.5616982, 13.7357585
100.5618236, 13.7363134
100.5617015, 13.7360916
100.5604466, 13.7264352
100.5601274, 13.7263987
100.5295155, 13.7228633
100.5298282, 13.7233085
100.5306865, 13.7217226
100.5301653, 13.7215417
100.530425, 13.7221879
100.5298986, 13.7219685
100.5130481, 13.7192974
100.5128447, 13.7188019
100.560936, 13.7318469
100.5598142, 13.7324085
100.5325578, 13.7448139
100.5327538, 13.7458649
100.5322732, 13.7448637
100.5324415, 13.7458766
100.5322242, 13.7446319
100.5325137, 13.7445826
100.5323927, 13.7455818
100.5321468, 13.7456238
100.5328277, 13.7449621
100.5320497, 13.7450921
100.5772352, 13.6790231
100.5297342, 13.7712016
100.5294223, 13.7713292
100.5304509, 13.7723571
100.5305269, 13.772473
100.5305429, 13.7724608
100.5329322, 13.7710662
100.5543673, 13.9281747
100.554277, 13.9280813
100.5598784, 13.733957
100.5600405, 13.7337475
100.5323258, 13.7726132
100.5305105, 13.7724844
100.5304569, 13.7725365
100.5318986, 13.7720643
100.5316277, 13.7724383
100.5324069, 13.7719004
100.5324588, 13.7717943
100.5328223, 13.7717453
100.5322863, 13.7712955
100.5315247, 13.7717845
100.531796, 13.7722041
100.7084976, 13.7313354
100.7094379, 13.7535529
100.702553, 13.7646001
100.7043923, 13.7538335
100.5648439, 13.8581182
100.547529, 13.8649276
100.5474977, 13.8649348
100.4052973, 13.6647007
100.4059919, 13.6646616
100.5064409, 13.9100495
100.5066024, 13.9098723
100.5243522, 13.9249597
100.5245076, 13.9247852
100.5166062, 13.9184949
100.516762, 13.9183202
100.5081644, 13.9114741
100.5083198, 13.9112996
100.5115668, 13.9143063
100.5117267, 13.9141207
100.527923, 13.9279213
100.5280621, 13.9277582
100.5198864, 13.9212227
100.5200268, 13.9210599
100.5138976, 13.9162366
100.5140534, 13.916062
100.6362497, 13.7293246
100.6441832, 13.7260085
100.5170384, 13.7383463
100.5181907, 13.7390967
100.5154695, 13.740645
100.5158743, 13.7406061
100.516045, 13.7424008
100.5156133, 13.7424546
100.5154758, 13.7388773
100.5155598, 13.7388756
100.5171727, 13.737279
100.5172299, 13.7374074
100.5170143, 13.7378898
100.5171634, 13.7378402
100.5167351, 13.7374648
100.5167922, 13.7375867
100.5169777, 13.7373645
100.5311, 13.7490874
100.5247166, 13.7456186
100.5248969, 13.7455877
100.5412967, 13.8996954
100.5414025, 13.8999891
100.5721234, 13.8474044
100.5721053, 13.8472094
100.5718108, 13.8474051
100.4305234, 13.7127192
100.4305502, 13.7124118
100.4340181, 13.7130215
100.4340763, 13.7124763
100.4954471, 13.7699812
100.4983168, 13.7684773
100.4982007, 13.7682982
100.4953366, 13.7697972
100.4363036, 13.7131492
100.4363277, 13.7128808
100.4390389, 13.7135476
100.4391253, 13.7132847
100.4443233, 13.7152886
100.4444216, 13.7150108
100.4481133, 13.7165054
100.4482045, 13.7162396
100.4505702, 13.7170317
100.4504843, 13.7172871
100.4536655, 13.7185873
100.4538129, 13.7183163
100.4540559, 13.7185058
100.4563343, 13.7200309
100.4564845, 13.7197755
100.4529839, 13.7240015
100.45491, 13.7272407
100.4545266, 13.7268837
100.4519106, 13.726319
100.4523304, 13.7266013
100.4510771, 13.7273586
100.4563745, 13.7222118
100.4566912, 13.7213302
100.4895148, 13.7563297
100.4964426, 13.7496965
100.4962585, 13.7497038
100.5739883, 13.7898693
100.5743347, 13.7898173
100.450015, 13.7238813
100.4497361, 13.725362
100.449087, 13.7250546
100.4495618, 13.7252865
100.451434, 13.7189496
100.4513559, 13.7198583
100.4503852, 13.7191659
100.4501315, 13.7191332
100.4497445, 13.7222175
100.449792, 13.7220025
100.6711417, 13.7555772
100.6966036, 13.7599877
100.7025996, 13.7647284
100.6996158, 13.7637453
100.7096087, 13.7535448
100.7045985, 13.7536958
100.6816688, 13.7242007
100.6624744, 13.7399352
100.7188046, 13.7240843
100.5490535, 13.7322107
100.4101113, 13.6517784
100.4099448, 13.6522912
100.449769, 13.7181053
100.4495267, 13.718259
100.4497621, 13.7182811
100.449631, 13.7206075
100.4496945, 13.7201258
100.4497584, 13.7189689
100.4495589, 13.7201096
100.4476739, 13.7233054
100.4479746, 13.7233639
100.4477773, 13.7237205
100.4481034, 13.7238991
100.4486358, 13.7165896
100.4474776, 13.7166488
100.4479443, 13.7166548
100.4479, 13.7174234
100.4484727, 13.7168781
100.4479326, 13.7168582
100.4478704, 13.7179656
100.4476305, 13.7168494
100.4469404, 13.7167666
100.4471666, 13.7178838
100.4469833, 13.7178739
100.4463618, 13.7172872
100.4465117, 13.7172802
100.4474159, 13.7179439
100.4475741, 13.7179204
100.4467857, 13.719898
100.4476669, 13.7200906
100.4468125, 13.7198094
100.4438588, 13.7160392
100.4441152, 13.7160468
100.443773, 13.7170713
100.4440584, 13.7170913
100.6838823, 13.7857318
100.546706, 13.7494603
100.5466872, 13.749687
100.544028, 13.7494197
100.5440693, 13.7496505
100.5802418, 13.8022699
100.580341, 13.8024418
100.5775086, 13.8038145
100.577595, 13.8039643
100.5707629, 13.8075913
100.5708561, 13.8077491
100.6183745, 13.7811625
100.6182833, 13.7809957
100.5200851, 13.906205
100.5200541, 13.9058992
100.5237323, 13.9058619
100.5236981, 13.9055613
100.4436444, 13.7163811
100.4438355, 13.7163921
100.4433865, 13.7169851
100.4435745, 13.7170476
100.4436433, 13.717655
100.4439703, 13.7177326
100.4434114, 13.7150853
100.4434328, 13.7151374
100.4434456, 13.7154839
100.443926, 13.7151809
100.529044, 13.90435
100.5287994, 13.9039168
100.4418071, 13.7149661
100.4413298, 13.714524
100.4421696, 13.7149811
100.4417793, 13.7151995
100.442136, 13.7157195
100.4415984, 13.7152287
100.4412014, 13.7146424
100.4390847, 13.7142671
100.4394372, 13.7142712
100.4394211, 13.7158867
100.5220099, 13.7839872
100.5219545, 13.7871152
100.7911787, 13.7411542
100.7914547, 13.7410548
100.7779294, 13.7288463
100.7781512, 13.7288484
100.7794112, 13.7258629
100.7794167, 13.725673
100.7794112, 13.7255314
100.7794162, 13.7253937
100.7821288, 13.7287519
100.7821578, 13.728294
100.4933056, 13.7581143
100.493354, 13.7579243
100.4931687, 13.758262
100.4931577, 13.7586663
100.4932469, 13.7583333
100.5724937, 13.8720892
100.5727145, 13.871998
100.5724501, 13.8721072
100.5368907, 13.9455598
100.5371116, 13.9457728
100.539045, 13.9368926
100.5388944, 13.9370621
100.437776, 13.7146971
100.4380218, 13.7146959
100.4914785, 13.7457658
100.4910399, 13.7464706
100.4911685, 13.7465394
100.4912606, 13.7463903
100.4916335, 13.7466338
100.4914186, 13.746337
100.4913697, 13.7464369
100.4915262, 13.7467484
100.4915745, 13.7466103
100.4918775, 13.7468533
100.4919125, 13.7467354
100.4920104, 13.7465311
100.4922878, 13.7466209
100.4941574, 13.7561165
100.4945142, 13.7560025
100.4933993, 13.7533835
100.4958357, 13.7532686
100.4418369, 13.7671969
100.4419502, 13.7672912
100.5376087, 13.7293369
100.5375824, 13.7292751
100.5434632, 13.7272633
100.5406192, 13.7282517
100.5371952, 13.7304893
100.5371327, 13.7305123
100.5444117, 13.7294302
100.5447859, 13.7294656
100.5447661, 13.7292479
100.5408233, 13.728741
100.5405356, 13.7342368
100.5389744, 13.7318419
100.538587, 13.7317906
100.5411299, 13.7289
100.5296547, 13.7459509
100.5285146, 13.7461469
100.4341336, 13.7149394
100.4340343, 13.714228
100.433332, 13.71502
100.4337308, 13.7149598
100.4244494, 13.7122542
100.4244762, 13.7119441
100.5385427, 13.7331548
100.5383535, 13.7332346
100.414355, 13.7114087
100.4143925, 13.7110908
100.4129149, 13.7112393
100.4129524, 13.7108902
100.4168789, 13.7116041
100.4169084, 13.7112941
100.4950394, 13.763591
100.4959824, 13.7636926
100.5409173, 13.7440589
100.5410818, 13.7440621
100.5187731, 13.7570253
100.5187951, 13.7568311
100.4136487, 13.7235803
100.4134307, 13.7234785
100.5593459, 13.7374751
100.5595497, 13.7377362
100.5592338, 13.7380812
100.5608142, 13.7369631
100.4261307, 13.7164164
100.4264494, 13.7164638
100.426028, 13.7163934
100.4261273, 13.7192205
100.499696, 13.7660982
100.5000761, 13.7673782
100.499884, 13.7663153
100.5000928, 13.7660255
100.5472194, 13.7067957
100.5477161, 13.7064336
100.529405, 13.7230964
100.5293681, 13.7231679
100.5304347, 13.7216117
100.5301653, 13.7220931
100.5305267, 13.7221339
100.5307307, 13.7217865
100.5293485, 13.7242741
100.5292327, 13.7242118
100.5293049, 13.7243597
100.52943, 13.7241144
100.5290417, 13.724102
100.5289228, 13.7240426
100.5302537, 13.722139
100.52969, 13.7232392
100.5199799, 13.685823
100.5202965, 13.6864849
100.4308165, 13.7810636
100.4307641, 13.7805543
100.4391869, 13.7798471
100.4391681, 13.7796699
100.4420061, 13.7674491
100.4420982, 13.7677092
100.4074335, 13.6845396
100.4080745, 13.684212
100.4074958, 13.6841899
100.4075038, 13.6843522
100.4075535, 13.6838063
100.4076865, 13.6834515
100.4080558, 13.6841028
100.4080194, 13.6840565
100.4079981, 13.6841731
100.4080764, 13.6841703
100.407883, 13.6842784
100.4078857, 13.6843855
100.4083845, 13.6836727
100.4084839, 13.6834856
100.4082971, 13.6838359
100.4083242, 13.6837939
100.4080416, 13.6832226
100.4079545, 13.6831877
100.4078951, 13.6833313
100.4512819, 13.9176533
100.4517544, 13.9175734
100.4081083, 13.6828509
100.4078321, 13.6834759
100.4078149, 13.6835082
100.4077841, 13.6827239
100.4076634, 13.6829767
100.4055121, 13.7271884
100.4061772, 13.7271832
100.4054809, 13.7246871
100.4062121, 13.7246897
100.4419789, 13.7680039
100.5472792, 13.864985
100.5471734, 13.8650093
100.5540918, 13.9324322
100.4287131, 13.9081269
100.4679125, 13.924648
100.4680042, 13.925081
100.4919372, 13.9129454
100.4550952, 13.7106999
100.4552186, 13.7104446
100.5347942, 13.7288453
100.5347992, 13.7288318
100.5377856, 13.7291257
100.5367577, 13.7293379
100.5348542, 13.7288674
100.534655, 13.728794
100.5348722, 13.7286343
100.5348986, 13.7285669
100.5339014, 13.7285202
100.5335306, 13.728414
100.5337753, 13.7282227
100.5339798, 13.7283163
100.5339044, 13.728513
100.5338835, 13.7285601
100.5364028, 13.7300185
100.536632, 13.7292885
100.5364527, 13.7292286
100.5696899, 13.7210901
100.5692795, 13.7198628
100.5354656, 13.7290404
100.5353507, 13.7293131
100.5342914, 13.7286146
100.5340634, 13.7291602
100.5448871, 13.7798568
100.5690385, 13.7214715
100.5450413, 13.7802788
100.4390905, 13.681576
100.4392247, 13.6813544
100.4299469, 13.6763702
100.430081, 13.6761486
100.4344128, 13.6912391
100.4341499, 13.6915492
100.5152953, 13.7716146
100.4828394, 13.7598476
100.4827913, 13.7596373
100.4827764, 13.7622087
100.4828168, 13.7619098
100.494078, 13.7692985
100.4943411, 13.7693998
100.4939034, 13.7693508
100.4942767, 13.7699796
100.4942859, 13.7697726
100.4943587, 13.7699334
100.4946371, 13.7698067
100.4949357, 13.76949
100.4942157, 13.7693852
100.6832533, 13.7700231
100.6831796, 13.7700122
100.6818671, 13.7695179
100.6834215, 13.7675745
100.6846464, 13.7704464
100.6910908, 13.7625822
100.7022849, 13.7795852
100.6917993, 13.7683409
100.6926083, 13.7687721
100.7024955, 13.7796289
100.4897032, 13.758373
100.4902016, 13.7593169
100.5541791, 13.8040016
100.5546404, 13.8037489
100.5529154, 13.8017776
100.5533252, 13.8015532
100.4981426, 13.7662311
100.4977159, 13.766504
100.4989953, 13.7665431
100.4998958, 13.7663562
100.5373638, 13.763076
100.5373853, 13.7630643
100.5371759, 13.7631754
100.5371567, 13.7631867
100.7114788, 13.6030309
100.712217, 13.6042637
100.5001016, 13.7660223
100.4991808, 13.7670917
100.5000584, 13.7659142
100.50055, 13.7660564
100.7091109, 13.6032782
100.7006592, 13.6040892
100.7005812, 13.6037732
100.7069083, 13.6025409
100.7068361, 13.6022299
100.4983243, 13.7666671
100.4981334, 13.7667994
100.6478751, 13.783915
100.6493005, 13.7823508
100.6527208, 13.7769845
100.647669, 13.7839501
100.6477085, 13.7839909
100.6526186, 13.7771853
100.6505595, 13.7803195
100.6506084, 13.7803692
100.6482037, 13.7843792
100.6499082, 13.7815406
100.6478353, 13.7841188
100.5669454, 13.8620103
100.5926221, 13.7509955
100.4897545, 13.6504741
100.4896641, 13.6504918
100.4894374, 13.6506594
100.4893749, 13.6506937
100.4898037, 13.6504861
100.491127, 13.6502378
100.4950476, 13.914831
100.4932889, 13.9167403
100.493118, 13.9165892
100.4948801, 13.9146811
100.4970786, 13.9126322
100.4976638, 13.9131313
100.4972849, 13.912407
100.4978538, 13.9129011
100.4931343, 13.9167308
100.4931555, 13.9167061
100.4964701, 13.913297
100.4970545, 13.9138191
100.5041262, 13.7697631
100.5049104, 13.7706645
100.5037739, 13.769561
100.5040627, 13.769845
100.5040284, 13.9069702
100.5039603, 13.9069584
100.5461761, 13.8979938
100.5462845, 13.8982998
100.5459013, 13.9481024
100.5461199, 13.9479941
100.5146376, 13.9063839
100.5146622, 13.9066961
100.5071201, 13.898062
100.507371, 13.8981496
100.505093, 13.9034902
100.5053245, 13.9035748
100.5124201, 13.9065868
100.5124448, 13.906899
100.5474431, 13.9510357
100.5476733, 13.9509136
100.5501099, 13.8966363
100.5502221, 13.8969151
100.5058072, 13.9015996
100.5060387, 13.9016841
100.5464697, 13.9376087
100.5465584, 13.9378598
100.5267752, 13.9048293
100.5268908, 13.9051165
100.5093015, 13.8922616
100.5095525, 13.8923491
100.5322469, 13.9028999
100.5323619, 13.9031859
100.4226687, 13.9179563
100.4226531, 13.9177173
100.4226665, 13.9179939
100.4226506, 13.9176862
100.4301527, 13.9293703
100.4299739, 13.929491
100.4210042, 13.9175408
100.4213989, 13.9172467
100.5015994, 13.767446
100.5471843, 13.7995452
100.5471792, 13.7996319
100.5485403, 13.7985045
100.5482488, 13.7984997
100.5485032, 13.8004525
100.5481791, 13.8004421
100.4876276, 13.7446548
100.4874828, 13.7433706
100.4892386, 13.7442043
100.5215125, 13.6878721
100.5220986, 13.6874282
100.560428, 13.7368267
100.5604465, 13.7368513
100.5603328, 13.7374984
100.5603419, 13.7375072
100.5591256, 13.7379204
100.5590286, 13.7377824
100.5605977, 13.737055
100.5605801, 13.7370303
100.4984074, 13.7684759
100.5517052, 13.7414521
100.5518817, 13.74146
100.5451204, 13.7436644
100.5451432, 13.7438053
100.5518553, 13.7423189
100.5516876, 13.7423095
100.616874, 13.862882
100.6169027, 13.8627148
100.6168939, 13.8628852
100.6166779, 13.8628509
100.5518916, 13.7481751
100.5517898, 13.7476623
100.5501188, 13.748201
100.553987, 13.7480888
100.6304943, 13.6259441
100.6303191, 13.6256245
100.6219484, 13.9604431
100.6210435, 13.9597911
100.622563, 13.9604774
100.6224664, 13.960594
100.6221771, 13.9602086
100.6220309, 13.9603933
100.5750174, 13.6808291
100.5738486, 13.67979
100.5743447, 13.6809795
100.5743833, 13.6810657
100.5743326, 13.68095
100.5746298, 13.6806681
100.5743911, 13.6810765
100.5738949, 13.681461
100.5376038, 13.7645828
100.5390282, 13.7666177
100.5381265, 13.7660927
100.5380393, 13.763771
100.5364954, 13.7615615
100.538969, 13.7654705
100.5392211, 13.7650892
100.5379201, 13.7654846
100.5375817, 13.765404
100.5380174, 13.7638117
100.5378694, 13.765567
100.5363424, 13.7617165
100.5363507, 13.7617305
100.538862, 13.7661943
100.5388591, 13.7662106
100.5370743, 13.763046
100.537058, 13.7630414
100.5366094, 13.7616767
100.5366431, 13.7616858
100.539082, 13.7666987
100.5392314, 13.766949
100.5386034, 13.765934
100.5385872, 13.7659406
100.5365521, 13.7620998
100.5365402, 13.7620751
100.5390758, 13.7667249
100.5372659, 13.7654818
100.5372593, 13.7654968
100.5372595, 13.7633613
100.5372698, 13.7633818
100.5392144, 13.7669568
100.5371903, 13.7652949
100.5371765, 13.7653018
100.5374654, 13.7653912
100.5374749, 13.7654001
100.5368554, 13.7620842
100.5368655, 13.7621067
100.5378002, 13.7638549
100.5378281, 13.7638363
100.5363789, 13.7617597
100.5365828, 13.7616529
100.5358578, 13.7621596
100.5370754, 13.7654089
100.5374989, 13.7649649
100.5379553, 13.7638461
100.5379279, 13.7637973
100.5373872, 13.7640926
100.5374417, 13.7641422
100.5383216, 13.7659534
100.5383582, 13.7660164
100.5379025, 13.7655831
100.5379442, 13.7655306
100.5383135, 13.7659317
100.5383215, 13.76586
100.5383258, 13.7658318
100.5383435, 13.7657759
100.5384054, 13.7658532
100.5385212, 13.7659293
100.5378031, 13.765652
100.5378852, 13.7656011
100.5392983, 13.767069
100.5394269, 13.7671257
100.5375468, 13.7654374
100.5375889, 13.7654171
100.536378, 13.7618216
100.5364527, 13.7619692
100.5370933, 13.7655254
100.5376193, 13.7655363
100.5363514, 13.7615938
100.5340749, 13.6640881
100.537826, 13.6636893
100.5562122, 13.779701
100.5569766, 13.7792894
100.5514618, 13.7710914
100.5521484, 13.7706903
100.4986032, 13.7628352
100.4987123, 13.7627721
100.4916766, 13.7612184
100.4919449, 13.7608457
100.4855593, 13.7561179
100.4864528, 13.6846016
100.4867373, 13.6839243
100.4812118, 13.6831605
100.4813942, 13.6824855
100.4781354, 13.6821519
100.4782266, 13.6818314
100.4717946, 13.6807655
100.4719877, 13.6800748
100.451088, 13.6797827
100.4516132, 13.6800307
100.4521019, 13.6792693
100.4517669, 13.6798972
100.4518466, 13.6799301
100.4518529, 13.6801762
100.451603, 13.6800512
100.4517666, 13.6795299
100.4516135, 13.6798227
100.4518904, 13.6799491
100.4517898, 13.6801447
100.4596951, 13.6751178
100.4600733, 13.6745262
100.4625087, 13.6768091
100.4628869, 13.6762253
100.4659286, 13.6788237
100.4662638, 13.6781852
100.4683479, 13.6798245
100.468584, 13.6791703
100.4901665, 13.7503964
100.4907591, 13.7504761
100.5484545, 13.8014556
100.5481304, 13.8014453
100.5416809, 13.8563342
100.5417536, 13.856861
100.5371116, 13.757405
100.5370623, 13.7571254
100.5052106, 13.7511498
100.5296016, 13.7267748
100.5296836, 13.725072
100.5324158, 13.7292104
100.5320523, 13.730073
100.5312104, 13.7259386
100.5336895, 13.7297409
100.533991, 13.7291271
100.5400828, 13.7842175
100.5390107, 13.7848147
100.4952858, 13.7607342
100.4953981, 13.7605924
100.4958807, 13.7600041
100.4956728, 13.7602487
100.4954454, 13.7618722
100.4947734, 13.761367
100.4960468, 13.7594962
100.4958838, 13.7592586
100.4942647, 13.7460532
100.4919848, 13.7452178
100.5506739, 13.9313902
100.5507187, 13.9313571
100.4958482, 13.7614725
100.4959813, 13.7617707
100.500049, 13.7579805
100.4999709, 13.7576856
100.4952138, 13.7592835
100.4950478, 13.7594346
100.4953672, 13.7594838
100.495557, 13.7593292
100.4972776, 13.7604592
100.4975513, 13.7607342
100.4968998, 13.7600536
100.4973002, 13.7604335
100.4974963, 13.759451
100.4976567, 13.7596295
100.4980307, 13.7594258
100.4979491, 13.7592838
100.4954378, 13.7621789
100.4953317, 13.7620814
100.4973464, 13.7588681
100.4974168, 13.7589857
100.4975705, 13.7589838
100.4977145, 13.758905
100.4972413, 13.7593224
100.4970318, 13.7590162
100.498244, 13.7587231
100.4981289, 13.7584931
100.4959264, 13.7596973
100.4961074, 13.7598772
100.4989596, 13.7634937
100.4988068, 13.7635766
100.4976789, 13.7591088
100.4974303, 13.7588282
100.4975509, 13.7587705
100.4988329, 13.7579571
100.4988615, 13.7581379
100.4961595, 13.7594406
100.4960359, 13.7592505
100.4985293, 13.7593599
100.4984975, 13.759064
100.4948985, 13.7631715
100.4972002, 13.7628769
100.4929802, 13.761648
100.4926261, 13.7620716
100.4944763, 13.762829
100.4946298, 13.7626448
100.4948016, 13.7638466
100.4952028, 13.7634155
100.4950803, 13.7640918
100.4940371, 13.7635578
100.4946435, 13.7629655
100.5305333, 13.7548425
100.5300252, 13.754881
100.572683, 13.8345889
100.5736327, 13.8340346
100.5730482, 13.8343767
100.5738473, 13.8342342
100.5460845, 13.9171926
100.5460883, 13.9172115
100.545732, 13.9173394
100.5457284, 13.9173158
100.5465589, 13.9171178
100.5465626, 13.9171384
100.54593, 13.9173013
100.5452315, 13.9177271
100.5465973, 13.9167836
100.5460606, 13.9171964
100.5381322, 13.9019272
100.53832, 13.9018999
100.5342009, 13.7456961
100.5341876, 13.7456984
100.5332836, 13.7457151
100.5333665, 13.7457002
100.534176, 13.7455585
100.5341642, 13.7455605
100.534229, 13.7456726
100.5342094, 13.745568
100.5350784, 13.7454188
100.5350964, 13.7455215
100.533329, 13.7457263
100.533347, 13.7458227
100.5350494, 13.7454047
100.5350355, 13.7454071
100.5342318, 13.7455478
100.5351561, 13.7455313
100.5350789, 13.7455701
100.5333, 13.7457122
100.5332957, 13.7456886
100.535045, 13.7453813
100.5350742, 13.7455452
100.5350616, 13.7455474
100.5333833, 13.7459175
100.5342432, 13.7455458
100.5344761, 13.7455045
100.5349169, 13.7455724
100.5351301, 13.7455612
100.5351255, 13.7455366
100.5333512, 13.7457029
100.5333469, 13.7456796
100.5350112, 13.7453726
100.5353309, 13.9021082
100.5353482, 13.9021634
100.5412984, 13.8999843
100.5413107, 13.9000203
100.5352541, 13.9018794
100.5352421, 13.9018416
100.5290642, 13.9042686
100.5290932, 13.9043432
100.5288389, 13.9041582
100.5288129, 13.9041008
100.541219, 13.8997685
100.5412049, 13.8997266
100.5290226, 13.9040902
100.5289938, 13.9040176
100.5268176, 13.9050606
100.5461293, 13.8980981
100.5502511, 13.8968556
100.5461466, 13.8982686
100.5323801, 13.9031192
100.5268368, 13.904869
100.5236731, 13.9058036
100.5501698, 13.8966432
100.5322343, 13.9029677
100.5237567, 13.9056259
100.5410327, 13.9004911
100.5411239, 13.9002306
100.5410572, 13.9000724
100.514702, 13.9064361
100.5124882, 13.9068027
100.5147152, 13.9066029
100.5200144, 13.9059661
100.5124748, 13.9066331
100.5200324, 13.9061438
100.5403524, 13.9003295
100.5405874, 13.7477108
100.5408793, 13.7476711
100.5388636, 13.7504733
100.5389012, 13.7507922
100.5374097, 13.7513543
100.5373138, 13.7510937
100.5352723, 13.7521504
100.5351932, 13.7519061
100.5413292, 13.7634561
100.5412576, 13.7630162
100.5412533, 13.7627871
100.5407517, 13.7615614
100.5404926, 13.762049
100.5397525, 13.7600039
100.541025, 13.7505494
100.5413012, 13.7504928
100.5417823, 13.753499
100.5419464, 13.7534648
100.5317507, 13.7516493
100.5395367, 13.7305574
100.5394394, 13.7297518
100.5066799, 13.7539501
100.5516565, 13.9326181
100.5516566, 13.9324475
100.5547668, 13.9279352
100.5515264, 13.9326539
100.5516004, 13.9326106
100.5509214, 13.9316922
100.5515108, 13.9326436
100.5515484, 13.9327276
100.5544317, 13.9323523
100.5546113, 13.9322028
100.5516323, 13.9326456
100.5563443, 13.7346626
100.5571112, 13.7345604
100.5138368, 13.723344
100.5136094, 13.723294
100.5134879, 13.7232911
100.5012317, 13.7723486
100.5020908, 13.7713568
100.4925115, 13.7685904
100.4923885, 13.7684945
100.4931784, 13.7685579
100.4916207, 13.7673398
100.5562905, 13.7478016
100.5564466, 13.7482011
100.7410681, 13.804322
100.7412746, 13.8044301
100.6148988, 13.9901688
100.6146804, 13.9902158
100.6160407, 13.9889441
100.615829, 13.9887745
100.6148621, 14.0065674
100.6154493, 14.0065459
100.6175804, 13.9863322
100.6179102, 13.9864719
100.6182222, 13.9750659
100.6176179, 13.9749589
100.6156824, 14.0305673
100.6162793, 14.0305384
100.6192072, 13.969377
100.6186359, 13.9692784
100.6155895, 13.9865036
100.616254, 13.9866176
100.6206028, 13.9617123
100.6200014, 13.9616136
100.6148934, 13.9891813
100.6149561, 13.9898993
100.615894, 13.9903676
100.6103312, 13.9872923
100.6102603, 13.9876794
100.6076071, 13.987244
100.6076787, 13.9868271
100.482881, 13.762893
100.5660343, 13.7474461
100.5660386, 13.7475429
100.5659317, 13.7472642
100.5677995, 13.7466797
100.568749, 13.7467005
100.5688349, 13.7466849
100.5687668, 13.7465164
100.5689465, 13.7466639
100.5772621, 13.7448018
100.5772927, 13.7449997
100.5786795, 13.7446542
100.5786979, 13.7447288
100.581455, 13.7441488
100.5813908, 13.7439799
100.5839111, 13.7433022
100.583958, 13.7434732
100.5913957, 13.7419671
100.5898643, 13.7408767
100.5892078, 13.7423865
100.5896933, 13.7408585
100.5729386, 13.7459658
100.5729747, 13.7457952
100.5765027, 13.7452219
100.576473, 13.7449091
100.550959, 13.931233
100.5509679, 13.9312355
100.555203, 13.9328405
100.5551887, 13.93261
100.5548681, 13.9324798
100.5548938, 13.9323352
100.4996291, 13.7644452
100.4992098, 13.7646707
100.5959937, 13.7409594
100.5960425, 13.7411094
100.5157914, 13.7388745
100.5158208, 13.7388744
100.4901827, 13.7631729
100.4905911, 13.7638074
100.4904807, 13.7632541
100.4906029, 13.7631044
100.4901164, 13.7631132
100.490173, 13.7631567
100.4902392, 13.7644282
100.4928383, 13.7685823
100.493128, 13.7686104
100.5015897, 13.7720499
100.5011743, 13.772242
100.5017919, 13.772686
100.5022276, 13.7725624
100.502805, 13.7707849
100.5027138, 13.7714059
100.5039718, 13.769906
100.576081, 13.841513
100.5759627, 13.8407838
100.576181, 13.841673
100.5764587, 13.8415048
100.5749368, 13.8403985
100.5749211, 13.8403807
100.5748826, 13.8403229
100.5748647, 13.8402986
100.5682403, 13.8444127
100.5680281, 13.8440626
100.575919, 13.8407069
100.5746869, 13.8405128
100.5727177, 13.8424613
100.5714994, 13.8421566
100.5690977, 13.8439283
100.5683838, 13.8443171
100.5713509, 13.8422264
100.5660988, 13.8451219
100.5662531, 13.8453641
100.5668749, 13.8451734
100.5682021, 13.8439857
100.5662032, 13.845067
100.5660562, 13.8448308
100.570712, 13.8425818
100.5705697, 13.8423372
100.5747922, 13.8403394
100.5746201, 13.8400381
100.5756585, 13.8378442
100.5754336, 13.8377768
100.576212, 13.837983
100.5761553, 13.8379711
100.5284433, 13.7495628
100.5247578, 13.7496165
100.5251368, 13.7493701
100.5250055, 13.7490774
100.5252818, 13.7490273
100.5368868, 13.7297515
100.5365726, 13.7298672
100.5758781, 13.8416235
100.575979, 13.8417891
100.576401, 13.842
100.5767004, 13.8418807
100.5672024, 13.8484715
100.5667137, 13.8484548
100.5680369, 13.8451883
100.5676157, 13.8486204
100.5675423, 13.8488211
100.5669668, 13.8491425
100.5689658, 13.8491377
100.5671775, 13.8491517
100.5674191, 13.8480874
100.5680085, 13.8455748
100.529248, 13.8579908
100.5292884, 13.8583112
100.5090557, 13.8610221
100.5089713, 13.8605088
100.5549218, 13.8509525
100.5550959, 13.8512405
100.5576699, 13.8494559
100.5578423, 13.8497556
100.5372058, 13.8570371
100.5372518, 13.8573522
100.5513976, 13.8529086
100.5515686, 13.8531955
100.5359759, 13.8571616
100.5360237, 13.8574928
100.5311705, 13.8577806
100.5312055, 13.858072
100.5649989, 13.8534228
100.5645103, 13.8536829
100.5667246, 13.8483536
100.5663504, 13.8481303
100.5662569, 13.8500612
100.5667231, 13.8493001
100.5664922, 13.8482871
100.5664468, 13.8483349
100.5655965, 13.8493781
100.565732, 13.8493794
100.5665737, 13.8483155
100.5665973, 13.8482856
100.5664251, 13.848238
100.5664853, 13.8481969
100.5665026, 13.8495615
100.5667192, 13.8495632
100.567288, 13.8478477
100.5672046, 13.8475678
100.5658395, 13.8493677
100.5664131, 13.8482269
100.5663605, 13.8482808
100.5678436, 13.8478889
100.5663451, 13.8499578
100.5664868, 13.8495976
100.5658662, 13.8493669
100.5663132, 13.8482268
100.5664403, 13.8481096
100.5676942, 13.8478517
100.5674188, 13.848198
100.566003, 13.8496082
100.5682786, 13.8481274
100.5667611, 13.847873
100.5709008, 13.8314722
100.5706713, 13.8315999
100.56965, 13.8294112
100.5694531, 13.8295235
100.5687284, 13.8278312
100.5685253, 13.8279461
100.5748141, 13.8386168
100.5750163, 13.8384957
100.5760021, 13.8417841
100.5751316, 13.8422789
100.575234, 13.8414615
100.575036, 13.8420685
100.5750954, 13.8420822
100.575052, 13.8420945
100.5746499, 13.8404508
100.5759358, 13.8418245
100.5758677, 13.841856
100.5730962, 13.8422665
100.5731041, 13.8424295
100.572427, 13.8424811
100.5723936, 13.842238
100.5724173, 13.8423159
100.5727216, 13.8419373
100.5727806, 13.8424498
100.573439, 13.8424085
100.5758303, 13.8421865
100.5762441, 13.8419378
100.5760641, 13.8419209
100.5761506, 13.8420772
100.5740952, 13.8421002
100.5741022, 13.8417459
100.5722978, 13.8421512
100.5724058, 13.8420071
100.5753455, 13.8413069
100.5759397, 13.8413693
100.5737027, 13.841789
100.5739264, 13.841781
100.5728118, 13.8423573
100.5734037, 13.842327
100.5733186, 13.8422281
100.5734149, 13.8421486
100.5734155, 13.8419849
100.5738162, 13.8420894
100.5737889, 13.8420068
100.5735755, 13.8419251
100.5734929, 13.8419446
100.571226, 13.8438931
100.5713319, 13.8443984
100.5741637, 13.8417421
100.5711135, 13.8439497
100.5707618, 13.8441214
100.5737586, 13.8419546
100.5697935, 13.8466651
100.5697631, 13.8463689
100.5706756, 13.8435677
100.5708524, 13.8434591
100.57121, 13.843332
100.5708991, 13.843537
100.5709085, 13.8439745
100.5697451, 13.8462933
100.5694716, 13.8463275
100.5695917, 13.8462587
100.570427, 13.8450162
100.569869, 13.8450114
100.5699844, 13.8462142
100.5713125, 13.8428749
100.5714984, 13.843181
100.5723034, 13.8425786
100.5723361, 13.8435867
100.5707235, 13.843207
100.57179, 13.8429705
100.5687114, 13.8459187
100.5687689, 13.8459185
100.5684638, 13.8473462
100.5683784, 13.8475183
100.5684667, 13.8470102
100.5684671, 13.8471963
100.5684643, 13.8473158
100.5682836, 13.8473518
100.5685078, 13.8458522
100.5684371, 13.8461287
100.5201822, 13.8635219
100.5204444, 13.8636151
100.5208873, 13.8616817
100.5211032, 13.8617593
100.5187072, 13.867402
100.5189695, 13.8674952
100.5151968, 13.8766637
100.515459, 13.8767569
100.5129674, 13.8825854
100.5132296, 13.8826786
100.5166128, 13.8729416
100.516875, 13.8730348
100.5178392, 13.8697469
100.5181014, 13.8698401
100.5396804, 13.7449276
100.5396977, 13.7398183
100.5398494, 13.7397939
100.5396598, 13.7398244
100.5393894, 13.7398632
100.5367167, 13.7304479
100.5392861, 13.7390752
100.5394859, 13.7387802
100.5586972, 13.723224
100.5444972, 13.7485676
100.5431478, 13.7487418
100.5215036, 13.7194448
100.5219916, 13.7195856
100.5210441, 13.7193095
100.521135, 13.7190132
100.5218294, 13.7195388
100.5219748, 13.7189497
100.526456, 13.7298575
100.5266991, 13.7306146
100.5215005, 13.7330566
100.523623, 13.7348137
100.524051, 13.7348972
100.5239284, 13.7346322
100.5240973, 13.7351138
100.523966, 13.7348602
100.529259, 13.7226471
100.5719593, 13.8421344
100.5726698, 13.8419135
100.5722578, 13.8421461
100.5719993, 13.8421082
100.5723607, 13.8421952
100.5698212, 13.8461796
100.5698199, 13.8460723
100.5694581, 13.8461684
100.569781, 13.8462051
100.5698187, 13.8462924
100.5690929, 13.8454609
100.569874, 13.8458
100.5700275, 13.8460679
100.570025, 13.8462345
100.5683498, 13.8495134
100.5683483, 13.8492115
100.5692692, 13.8463287
100.5692632, 13.8463803
100.5686751, 13.8497271
100.5690092, 13.8497249
100.5694581, 13.8460742
100.5683548, 13.8500859
100.5683498, 13.8499535
100.5695675, 13.846422
100.5692676, 13.8464606
100.5692127, 13.8465917
100.5695528, 13.8462857
100.5692646, 13.8467884
100.5689687, 13.8451476
100.5693836, 13.8448898
100.5692239, 13.8466538
100.569372, 13.8465761
100.5697105, 13.8484361
100.5696881, 13.8467568
100.5759452, 13.8419581
100.5757838, 13.8420714
100.5758506, 13.8421719
100.5756389, 13.8418534
100.5760169, 13.8420525
100.5757955, 13.8417437
100.5668373, 13.8484578
100.5672014, 13.8485924
100.5671763, 13.8485941
100.5671981, 13.8487352
100.567171, 13.8487388
100.5671927, 13.8489069
100.5671649, 13.8489053
100.5668345, 13.8487043
100.566695, 13.8486991
100.5667414, 13.8488189
100.5666941, 13.8488168
100.5684513, 13.8478188
100.5684502, 13.8478014
100.5685238, 13.8478161
100.568377, 13.8478216
100.5640025, 13.85383
100.5643693, 13.8536454
100.5651155, 13.8534398
100.5650466, 13.8534741
100.5645643, 13.8524277
100.5651422, 13.8534888
100.5079646, 13.7715225
100.5089345, 13.7711186
100.7796025, 13.729332
100.7796098, 13.7289911
100.7781787, 13.7289187
100.6164742, 14.0490834
100.6170149, 14.0490578
100.4996586, 13.7610781
100.4991994, 13.7603771
100.4992862, 13.7603281
100.5028218, 13.9082561
100.5027783, 13.9081933
100.5026653, 13.9079198
100.5026897, 13.907955
100.5028397, 13.9082277
100.5026461, 13.9079482
100.5068799, 13.8977223
100.5068872, 13.8976806
100.5072064, 13.897267
100.6151649, 13.9879627
100.6151837, 13.9883212
100.459289, 13.9440792
100.4598145, 13.9439615
100.5618758, 13.9708719
100.5619162, 13.9707031
100.5620647, 13.9698844
100.598005, 13.98564
100.5980729, 13.9852038
100.6083456, 13.5659583
100.6086562, 13.5660994
100.607933, 13.5848485
100.6082419, 13.5847369
100.6107289, 13.560954
100.6110396, 13.5610951
100.6061595, 13.570563
100.6064701, 13.5707041
100.6050434, 13.596673
100.6051628, 13.5969033
100.6092072, 13.5641442
100.6095178, 13.5642853
100.6092443, 13.5882755
100.6095532, 13.5881638
100.6122641, 13.5988285
100.6127323, 13.59875
100.5971469, 13.6014318
100.5974269, 13.6014949
100.6190221, 13.61308
100.6195, 13.6127957
100.6053963, 13.5780017
100.6057052, 13.5778901
100.5427063, 13.6844987
100.5409126, 13.6863492
100.5407687, 13.6859771
100.5362963, 13.6876333
100.5378992, 13.6891828
100.5306905, 13.7133004
100.5276558, 13.7131575
100.5278439, 13.7122556
100.5439009, 13.7187663
100.6169126, 13.8624034
100.6168213, 13.8621474
100.6169976, 13.8624163
100.6169678, 13.8622248
100.532621, 13.755028
100.5328315, 13.754916
100.5657511, 13.7473551
100.5657403, 13.747315
100.5411986, 13.7492297
100.5412037, 13.7492624
100.5412156, 13.7494477
100.5412123, 13.7494186
100.5540359, 13.748243
100.5541667, 13.7484162
100.5445568, 13.748696
100.5447282, 13.748764
100.5481848, 13.7482512
100.5483653, 13.7481429
100.5730519, 13.7461704
100.5629415, 13.7478815
100.5632365, 13.748884
100.5411146, 13.7494587
100.5414957, 13.749378
100.5410877, 13.749245
100.5414896, 13.7492229
100.5409658, 13.7485212
100.5417907, 13.7497292
100.6115884, 13.7578186
100.611608, 13.7577976
100.5940718, 13.741483
100.5940675, 13.7414529
100.6236947, 13.7621555
100.6236918, 13.7621351
100.6473934, 13.7650125
100.6473907, 13.7650454
100.6081497, 13.7546353
100.6081689, 13.7546115
100.5979198, 13.7419316
100.598248, 13.7419134
100.5881512, 13.7439093
100.6335824, 13.7634375
100.6333821, 13.7638854
100.52387, 13.7185734
100.5237864, 13.7185638
100.5313468, 13.7118924
100.5304556, 13.7131776
100.5416749, 13.7178307
100.5416101, 13.7176788
100.5560604, 13.7423325
100.5551009, 13.742154
100.5434432, 13.7319625
100.5434127, 13.7320308
100.539896, 13.7679966
100.5400551, 13.7679135
100.5666964, 13.7617724
100.5668879, 13.761649
100.5723537, 13.7691927
100.5734091, 13.7690896
100.5537253, 13.7137328
100.5540791, 13.7137661
100.5287634, 13.7124088
100.5286669, 13.7126227
100.4488515, 13.6813692
100.4438448, 13.6825253
100.4441243, 13.6820554
100.4460785, 13.6819561
100.4437951, 13.6832441
100.5136312, 13.8025783
100.5144486, 13.8027884
100.5144964, 13.8027829
100.4436122, 13.683138
100.4439135, 13.6833535
100.4410905, 13.679743
100.441852, 13.6802745
100.4427508, 13.6790498
100.4426837, 13.6791397
100.4414124, 13.678367
100.4413963, 13.6784765
100.4403645, 13.6778934
100.440402, 13.6780524
100.4395734, 13.6777355
100.4343765, 13.678891
100.4345133, 13.6786825
100.4288448, 13.663684
100.4291599, 13.6637511
100.4370125, 13.6761095
100.4370635, 13.6760157
100.4379512, 13.6766479
100.4362433, 13.6757705
100.4355881, 13.660532
100.4359502, 13.6599429
100.5528001, 13.7641755
100.5538146, 13.7637171
100.5630625, 13.7474978
100.5630689, 13.747732
100.4037216, 13.8923199
100.4042444, 13.8930697
100.4913535, 13.8302375
100.4911072, 13.8307029
100.4249016, 13.6534569
100.4253334, 13.6529017
100.6132546, 13.7594071
100.613353, 13.7593577
100.5128534, 13.7339499
100.5133464, 13.7338559
100.5142627, 13.7338967
100.5133121, 13.7334568
100.513418, 13.7346787
100.5144258, 13.7566459
100.5144279, 13.7564811
100.5169454, 13.7549565
100.5170318, 13.7549895
100.5172606, 13.7550767
100.5173457, 13.7551092
100.4339485, 13.6746071
100.4340129, 13.6745133
100.4351716, 13.6752118
100.4266999, 13.6746291
100.4268225, 13.6744066
100.4192434, 13.6706924
100.4193614, 13.6704722
100.4165116, 13.6692147
100.4166457, 13.668997
100.4256179, 13.6735899
100.4258834, 13.673728
100.42532, 13.6738837
100.4254393, 13.6736544
100.4277066, 13.6689756
100.4280043, 13.6690355
100.4298348, 13.6688612
100.4299542, 13.6688717
100.430382, 13.6577923
100.4301107, 13.6577516
100.5079974, 13.7401761
100.5739078, 13.7875335
100.5742211, 13.7875285
100.5584269, 13.7383578
100.5584848, 13.7384309
100.5399381, 13.7603158
100.5412266, 13.763072
100.5407143, 13.7618684
100.5407893, 13.7619446
100.5392565, 13.7339156
100.5388357, 13.7341255
100.4941044, 13.7549196
100.4921041, 13.7554178
100.6836687, 13.9206219
100.6832354, 13.9206116
100.6842174, 13.9197027
100.6845605, 13.9194191
100.5718848, 13.8462506
100.5706072, 13.8465014
100.5706061, 13.8465783
100.5724614, 13.844434
100.5724983, 13.8459398
100.5726532, 13.8443749
100.5726478, 13.8461288
100.5724775, 13.8445241
100.5726529, 13.8444826
100.5726484, 13.8459355
100.5713368, 13.8447524
100.650594, 13.7969499
100.6504224, 13.7968773
100.6513497, 13.7898393
100.6514791, 13.7897513
100.6461698, 13.6834631
100.6382022, 13.6890915
100.6394521, 13.680782
100.6380873, 13.689095
100.6306022, 13.710255
100.6378824, 13.7016855
100.6378975, 13.701601
100.598019, 13.7416075
100.6806368, 13.8258158
100.6809921, 13.8255497
100.6596254, 13.8241693
100.6596461, 13.8240542
100.5967559, 13.7159388
100.5953277, 13.7162565
100.5975925, 13.7196401
100.5977482, 13.720109
100.412681, 13.66697
100.4128231, 13.6667328
100.4050393, 13.6613586
100.4057447, 13.6613169
100.4091135, 13.6650648
100.4092503, 13.6648302
100.593118, 13.7139442
100.5930235, 13.7138185
100.5823697, 13.7214463
100.582465, 13.7215768
100.5947819, 13.7127611
100.5946936, 13.7126353
100.4848986, 13.8489316
100.4850851, 13.8493455
100.4826886, 13.76
100.4828288, 13.7599985
100.4827828, 13.7619168
100.4826104, 13.7619283
100.3952028, 13.6519012
100.3951491, 13.6520132
100.3890632, 13.6483095
100.3876403, 13.651174
100.3878012, 13.6509759
100.5955763, 13.7169322
100.5970668, 13.7165655
100.7103361, 13.6253678
100.3813937, 13.6462754
100.3815627, 13.6460773
100.3785761, 13.6440468
100.3787531, 13.6438383
100.5573004, 13.7389404
100.4029185, 13.6618815
100.4025604, 13.6616841
100.4013292, 13.6644291
100.3989718, 13.6635172
100.4011359, 13.6648536
100.4014573, 13.665022
100.4007898, 13.6655493
100.7419011, 13.7161224
100.5571087, 13.738251
100.5572642, 13.7382073
100.5897266, 13.6136629
100.5838724, 13.6239838
100.5821439, 13.6254878
100.58196, 13.6252846
100.5796077, 13.6274612
100.5796891, 13.627598
100.5797616, 13.6277666
100.5764957, 13.6305877
100.5764365, 13.630456
100.5785416, 13.6289109
100.5784104, 13.6287636
100.578523, 13.6284925
100.5740674, 13.6296316
100.5714119, 13.6352206
100.5695737, 13.636631
100.5694718, 13.6365371
100.5691495, 13.63625
100.5660976, 13.6408477
100.5643571, 13.6391738
100.5648624, 13.6410025
100.5707555, 13.6512871
100.5849864, 13.7316978
100.5849454, 13.7316017
100.5850282, 13.7317986
100.5846906, 13.7318106
100.5818569, 13.7345737
100.5825299, 13.7342953
100.5569816, 13.738013
100.5570514, 13.7382658
100.4944303, 13.7416302
100.4943741, 13.7416387
100.481565, 13.8502195
100.4815536, 13.8502382
100.4813618, 13.8500072
100.4814411, 13.8500507
100.5550598, 13.8072478
100.5550023, 13.8071914
100.5551062, 13.807297
100.5551007, 13.8072064
100.554783, 13.8071863
100.5550524, 13.8070972
100.4886721, 13.7655328
100.4880555, 13.7650794
100.5542874, 13.742708
100.5944268, 13.7145783
100.5939722, 13.7148898
100.5941546, 13.714765
100.5938737, 13.7144869
100.4977887, 13.7378247
100.4992686, 13.7397082
100.6008827, 13.7060123
100.6008179, 13.7056365
100.5014959, 13.7433428
100.5002444, 13.744924
100.5017277, 13.74369
100.5155948, 13.7263332
100.5141763, 13.7249151
100.5036382, 13.7529237
100.5036824, 13.7520331
100.5885622, 13.795131
100.5891289, 13.7942827
100.5887765, 13.7951635
100.5889692, 13.7951753
100.6042853, 13.7459758
100.6040792, 13.7461639
100.602096, 13.7437625
100.6019211, 13.7439323
100.6846854, 13.9215622
100.6846867, 13.9214418
100.7148694, 13.9340405
100.7148774, 13.9337255
100.4054779, 13.7156702
100.4061621, 13.7156749
100.4054317, 13.7122913
100.5518276, 13.742388
100.551927, 13.7428143
100.4900356, 13.7630606
100.4899931, 13.7630244
100.4896098, 13.7628357
100.4899662, 13.7630281
100.5062151, 13.7552319
100.5072083, 13.7551037
100.4919284, 13.7122644
100.4919625, 13.7122695
100.5019365, 13.7195527
100.5020728, 13.7198744
100.4054236, 13.7118375
100.4061354, 13.7046775
100.406822, 13.7047531
100.4917135, 13.7084925
100.4916791, 13.708684
100.4912698, 13.7089613
100.4922135, 13.709318
100.4915513, 13.7090567
100.5649987, 13.7197601
100.5650497, 13.7195255
100.5677302, 13.7422697
100.5676651, 13.7416197
100.5741441, 13.7472507
100.5740457, 13.7468795
100.5631452, 13.7352085
100.5630057, 13.7350001
100.400218, 13.7102849
100.4002529, 13.7099539
100.3975458, 13.7100724
100.3975833, 13.7097519
100.4018246, 13.7100438
100.4018139, 13.7101481
100.5703308, 13.7303649
100.5704911, 13.7302485
100.3957018, 13.7095972
100.3960492, 13.7100267
100.3929011, 13.7096958
100.3929092, 13.7093649
100.5498924, 13.7427642
100.549588, 13.7430946
100.5492014, 13.7430175
100.5495438, 13.7428241
100.5519369, 13.7459919
100.5520346, 13.7459924
100.553145, 13.7414337
100.5557472, 13.7401287
100.5557721, 13.7404436
100.5554831, 13.7403227
100.5556148, 13.7402255
100.5556565, 13.7405295
100.5559002, 13.7403461
100.5178909, 13.6609243
100.5182214, 13.6610523
100.5277668, 13.6604369
100.5277776, 13.6607158
100.5561151, 13.737999
100.5558857, 13.7380006
100.5478608, 13.720971
100.5481998, 13.7204251
100.3902709, 13.70946
100.390303, 13.7091395
100.377175, 13.7004412
100.3924937, 13.7029312
100.488982, 13.7446372
100.4886458, 13.7445311
100.4891713, 13.7443938
100.4887385, 13.7447196
100.501326, 13.712231
100.5014028, 13.7120339
100.5488704, 13.7242303
100.5490072, 13.7245352
100.5346084, 13.7664038
100.5340462, 13.766653
100.6745213, 13.7805984
100.6744015, 13.7808164
100.5973087, 13.7645534
100.5895431, 13.8279008
100.5895244, 13.8319868
100.6185108, 13.9038798
100.6253698, 13.9055997
100.6149336, 13.9020446
100.586844, 13.8592231
100.5874275, 13.8682238
100.5770562, 13.8809415
100.5824467, 13.8902762
100.626388, 13.9077208
100.634657, 13.9222634
100.5889431, 13.8244996
100.6143601, 13.9017187
100.6144474, 13.9015176
100.5890184, 13.8208971
100.5888571, 13.820916
100.5882948, 13.8036851
100.5885768, 13.8036378
100.5952746, 13.887698
100.5863015, 13.8583021
100.5856892, 13.8572012
100.6397792, 13.9430226
100.6387801, 13.9429318
100.5880152, 13.7979205
100.5880864, 13.7980318
100.588694, 13.8036096
100.5901707, 13.8346489
100.5900992, 13.8346642
100.5888049, 13.7976298
100.5895995, 13.8323839
100.5875584, 13.8699785
100.5735591, 13.874241
100.5752934, 13.8775126
100.5889641, 13.7951061
100.5888085, 13.7974813
100.5863126, 13.8585708
100.6369451, 13.959654
100.6242934, 13.9703513
100.6400937, 13.9512322
100.5012303, 13.7648226
100.5020405, 13.7635798
100.6571857, 13.7744038
100.6513041, 13.7950459
100.6514193, 13.7951032
100.652369, 13.7927304
100.6524706, 13.7927793
100.6028931, 13.7500679
100.6027212, 13.7504835
100.5144819, 13.7666583
100.5135204, 13.7670994
100.5143786, 13.7664363
100.5135712, 13.7815237
100.5191047, 13.7566664
100.5192295, 13.7566752
100.519266, 13.7570514
100.519288, 13.7568572
100.5573947, 13.7390864
100.5572412, 13.7382136
100.5488014, 13.741402
100.5488508, 13.7417206
100.4951825, 13.7641853
100.4962231, 13.7613706
100.4962288, 13.761587
100.4930988, 13.7470866
100.4931951, 13.7467527
100.4933302, 13.7463319
100.4934591, 13.7459378
100.4935821, 13.746614
100.4940266, 13.7467349
100.492602, 13.7463259
100.4929904, 13.7464495
100.4914552, 13.7462555
100.4925829, 13.7458886
100.4929244, 13.746679
100.5224006, 13.7801165
100.5225303, 13.7800774
100.5226312, 13.780047
100.5222149, 13.7829933
100.5237318, 13.7776753
100.5236524, 13.7775622
100.5235049, 13.7760596
100.5261855, 13.8145215
100.5280478, 13.8091217
100.5280523, 13.809071
100.5262246, 13.8148583
100.5282199, 13.8091376
100.5279876, 13.8091161
100.523749, 13.8225211
100.5279852, 13.8090648
100.5277259, 13.8071848
100.5123184, 13.8451422
100.5092825, 13.8440706
100.510488, 13.8475363
100.4980474, 13.8374384
100.5018444, 13.83787
100.4984899, 13.8366826
100.5469686, 13.8255573
100.5596716, 13.8488607
100.5472529, 13.8223953
100.5177855, 13.818505
100.5629565, 13.8549804
100.5113674, 13.8246339
100.5106007, 13.8251074
100.546309, 13.8623956
100.5475079, 13.8673147
100.5069186, 13.8321635
100.5094313, 13.8266206
100.5170916, 13.7535308
100.5172473, 13.7535014
100.5174337, 13.7515538
100.5171472, 13.7515521
100.5169281, 13.7506496
100.5172632, 13.7505968
100.5169809, 13.7509177
100.5173179, 13.7509281
100.5170247, 13.7515514
100.5174391, 13.7534651
100.5175935, 13.7535431
100.5170041, 13.749026
100.5207606, 13.7569504
100.6226518, 13.6615139
100.6225955, 13.6612793
100.5085858, 13.8439083
100.5085869, 13.8437439
100.4895277, 13.7164748
100.4898091, 13.7163784
100.4903928, 13.7189757
100.49068, 13.718885
100.4882311, 13.7126929
100.4885137, 13.7126022
100.4873451, 13.7101636
100.4876321, 13.7100672
100.4838616, 13.7000365
100.4841459, 13.6999453
100.4923881, 13.7259094
100.4926146, 13.7260398
100.4920926, 13.7265749
100.4920524, 13.7263482
100.4932192, 13.7271741
100.4935062, 13.7270908
100.4940962, 13.7266582
100.4941552, 13.7264342
100.4925808, 13.7253711
100.4929053, 13.725259
100.4922375, 13.7243445
100.4925325, 13.7242454
100.4785174, 13.7150296
100.4781564, 13.714813
100.4779149, 13.7153293
100.478667, 13.715744
100.4777271, 13.717158
100.4780403, 13.7172079
100.4784547, 13.713452
100.4787838, 13.7135174
100.5090222, 13.72788
100.4633471, 13.7312351
100.4954788, 13.8767977
100.4888119, 13.8833154
100.5184341, 13.8190292
100.5206558, 13.8199217
100.5261313, 13.81535
100.5283428, 13.8158963
100.5249861, 13.8185898
100.5308723, 13.8208386
100.5310189, 13.7493096
100.5245835, 13.7498368
100.5244531, 13.7499635
100.5225693, 13.7510766
100.5430119, 13.8379775
100.5433519, 13.8382873
100.5418619, 13.830475
100.5419361, 13.8303114
100.5369462, 13.7971146
100.5370519, 13.7975845
100.4881884, 13.8418624
100.4881715, 13.842154
100.473377, 13.8439892
100.4728768, 13.8454702
100.4938818, 13.8314251
100.4957575, 13.8290716
100.5128454, 13.8599497
100.5824087, 13.890312
100.5826147, 13.8907026
100.5866025, 13.8979963
100.5325415, 13.798444
100.520836, 13.8075862
100.5189316, 13.8086073
100.5186778, 13.8088492
100.5184247, 13.8104555
100.5186036, 13.8106568
100.5181726, 13.8123292
100.4690378, 13.8412018
100.4698855, 13.8416454
100.4956049, 13.8275268
100.4950283, 13.8267863
100.4257784, 13.8349647
100.4247242, 13.8362738
100.4231855, 13.856328
100.4232885, 13.8568482
100.4233117, 13.8569457
100.4469986, 13.8629655
100.4483274, 13.8633281
100.4486244, 13.8632299
100.4483066, 13.8278902
100.4499818, 13.8249472
100.4832309, 13.8888892
100.4540268, 13.8997082
100.5077304, 13.777105
100.5078699, 13.7770391
100.5070196, 13.7756081
100.507179, 13.7755387
100.5057803, 13.7729804
100.5059198, 13.7729154
100.6107345, 13.7156466
100.6457611, 13.7162505
100.6428683, 13.7156795
100.6429258, 13.7155819
100.643296, 13.7157773
100.6432473, 13.7156646
100.6313727, 13.7148844
100.6265395, 13.712844
100.6268274, 13.7129737
100.6816313, 13.7238259
100.6947225, 13.7321625
100.7161473, 13.7729559
100.7060081, 13.7558196
100.7176573, 13.7860995
100.7390171, 13.7813442
100.7389454, 13.7771831
100.6795319, 13.7533447
100.6959841, 13.7681612
100.6959928, 13.7680621
100.6850295, 13.7542303
100.6849918, 13.7541184
100.6700235, 13.7485832
100.6698022, 13.7487934
100.6961267, 13.7681988
100.6963845, 13.7681718
100.6953313, 13.7692415
100.66247, 13.7400251
100.6624269, 13.7401929
100.6452462, 13.73815
100.6438151, 13.7381631
100.6658397, 13.7461746
100.4406022, 13.8027959
100.4339681, 13.8062002
100.4120613, 13.8133708
100.4113465, 13.8134329
100.4130749, 13.8377579
100.4136893, 13.8378144
100.4183711, 13.8380035
100.6010231, 13.9734875
100.6014286, 13.9729023
100.6062938, 13.9348699
100.605035, 13.9320982
100.5939691, 13.9114585
100.5938622, 13.9115172
100.5953951, 13.9142362
100.6005491, 13.9234713
100.6043876, 13.9308741
100.6062479, 13.9349217
100.6054036, 13.9443157
100.5999518, 13.9233704
100.4774437, 13.7632462
100.4774292, 13.7632586
100.4750301, 13.7650069
100.4755323, 13.7679561
100.4788159, 13.7702129
100.4854975, 13.7830773
100.4856954, 13.7834923
100.485818, 13.7838852
100.4859605, 13.7846781
100.4861736, 13.7853855
100.4878024, 13.7849943
100.4879484, 13.7853823
100.4910788, 13.7846297
100.4918589, 13.7951554
100.4950048, 13.7956386
100.4963023, 13.7962539
100.4993953, 13.7930852
100.3876913, 13.7092768
100.3877297, 13.708948
100.3748084, 13.7082154
100.3748406, 13.7078793
100.3777454, 13.7084591
100.3777776, 13.7081268
100.3851784, 13.7090525
100.3852066, 13.7087242
100.5062069, 13.8024848
100.5020858, 13.7923105
100.7387939, 13.7737538
100.740182, 13.780906
100.7390256, 13.7737622
100.5542203, 13.7481069
100.3828543, 13.7088721
100.3828732, 13.7085492
100.7949057, 13.7407706
100.7733015, 13.7984776
100.7734345, 13.8020175
100.4901552, 13.7537872
100.4906367, 13.7537254
100.4897318, 13.7541025
100.4910763, 13.7536624
100.4915124, 13.7547818
100.4897967, 13.7573101
100.4898684, 13.7578801
100.4899762, 13.7583114
100.4897267, 13.7573313
100.4887904, 13.7547547
100.489598, 13.7551815
100.4889693, 13.7543936
100.4889798, 13.7547458
100.5034958, 13.7567239
100.5114358, 13.645031
100.5008683, 13.6426278
100.5097275, 13.6508787
100.4694949, 13.6891381
100.4697974, 13.6907342
100.5732456, 13.7750198
100.5736807, 13.7749913
100.5736215, 13.7819095
100.5739475, 13.7818966
100.4799509, 13.7858235
100.480071, 13.7857749
100.4808004, 13.7871759
100.4798448, 13.7856493
100.4844206, 13.7832417
100.4982186, 13.7899354
100.499564, 13.7924602
100.5193317, 13.7905874
100.3800779, 13.7086533
100.3801128, 13.7083068
100.5649349, 13.7551446
100.5713737, 13.76788
100.5716508, 13.7676782
100.5729537, 13.7704768
100.5734571, 13.7702849
100.5731895, 13.7728079
100.5735015, 13.7727973
100.5075281, 13.7344375
100.507729, 13.7342488
100.5037729, 13.7365676
100.461901, 13.7329745
100.4617107, 13.7339605
100.4599632, 13.7405689
100.4334818, 13.7518478
100.4368624, 13.7490773
100.4388976, 13.7487309
100.4380959, 13.7488451
100.4394131, 13.7490711
100.6245716, 13.8291419
100.6243785, 13.828832
100.3682976, 13.7688281
100.3949866, 13.7629112
100.4380661, 13.734002
100.4485753, 13.7352634
100.3570907, 13.7529426
100.3571186, 13.7528207
100.4380591, 13.7341391
100.4046323, 13.749593
100.6273962, 13.5853298
100.6365402, 13.5822902
100.6108074, 13.593094
100.6525775, 13.9758745
100.6525758, 13.9755357
100.6315291, 13.7368568
100.631497, 13.7366509
100.6300024, 13.7367528
100.6300259, 13.7370315
100.5717594, 13.842496
100.5718604, 13.8426859
100.5716461, 13.84277
100.5715135, 13.8425835
100.5776305, 13.6197942
100.5690819, 13.6276125
100.5715438, 13.6260897
100.5717939, 13.626132
100.5744706, 13.617819
100.6250802, 13.5969196
100.3968563, 13.9683393
100.3974273, 13.9687094
100.3997955, 13.9643724
100.4003665, 13.9647425
100.515056, 13.7723646
100.5168129, 13.77002
100.5918404, 13.8317182
100.5916871, 13.8317195
100.5917133, 13.8320095
100.5918687, 13.8319948
100.5170652, 13.7379396
100.5163299, 13.7386889
100.5440388, 13.7438085
100.5441006, 13.7437364
100.5472449, 13.7433533
100.5470499, 13.7433894
100.5472397, 13.7436452
100.5476232, 13.743289
100.5473554, 13.7431552
100.5476496, 13.7433946
100.5458427, 13.7752844
100.5456384, 13.7754383
100.5457283, 13.7751514
100.5601964, 13.7375732
100.5602055, 13.737582
100.5563662, 13.741284
100.557607, 13.741341
100.5602455, 13.7232339
100.5604885, 13.7231674
100.5714092, 13.8473756
100.5721434, 13.8479157
100.559912, 13.7199376
100.5598593, 13.7198121
100.5601761, 13.723333
100.5597206, 13.7219933
100.5599558, 13.7235509
100.5604361, 13.7235529
100.5598385, 13.7216639
100.5594327, 13.7219956
100.6416304, 13.7373846
100.6413633, 13.7374624
100.596335, 13.8413515
100.5961788, 13.8410458
100.6009929, 13.8387774
100.6008165, 13.8384831
100.6102155, 13.8336061
100.6100492, 13.8333055
100.5868711, 13.8410831
100.5869335, 13.8407473
100.6103722, 13.8336731
100.5690675, 13.7310731
100.5689073, 13.7307313
100.560144, 13.7335259
100.5600761, 13.7335607
100.5454845, 13.7445096
100.5457061, 13.7443602
100.5450084, 13.7446183
100.3689607, 13.7077541
100.3689892, 13.7074283
100.5617668, 13.7361325
100.561805, 13.7361841
100.5617427, 13.7359761
100.5617053, 13.7359252
100.5693512, 13.847362
100.5693582, 13.8479687
100.5693604, 13.8480359
100.5690247, 13.8473625
100.5690158, 13.8475765
100.569039, 13.8480407
100.5690093, 13.8471352
100.6561044, 13.6820696
100.6547472, 13.6841388
100.6546439, 13.6841987
100.6537113, 13.6862323
100.6539237, 13.6859057
100.6512683, 13.6850088
100.6528022, 13.6889965
100.6531172, 13.688967
100.6439708, 13.7035687
100.6438427, 13.7035702
100.6449777, 13.7002148
100.6449586, 13.7004671
100.6429184, 13.6999417
100.6451747, 13.7002635
100.630804, 13.7102717
100.5932826, 13.841388
100.5933403, 13.8410205
100.5491009, 13.811404
100.5138591, 13.7297964
100.53907, 13.7531991
100.5390403, 13.7534053
100.5878586, 13.7063283
100.4931953, 13.7364818
100.4931068, 13.7363672
100.5014189, 13.7405702
100.5007713, 13.740848
100.4895864, 13.7395424
100.4891357, 13.7400923
100.4883039, 13.7411516
100.4884218, 13.7412294
100.4919503, 13.7466891
100.6107293, 13.7153837
100.4961075, 13.7497061
100.4964904, 13.7496947
100.4805474, 13.6294607
100.4886003, 13.6291508
100.4886208, 13.6291745
100.4889062, 13.6290322
100.4887762, 13.6291571
100.4888927, 13.6290147
100.4886178, 13.6291948
100.4904219, 13.6350113
100.6394172, 13.7151245
100.6427244, 13.7159896
100.6142267, 13.7445738
100.6117006, 13.7437652
100.6238177, 13.7468848
100.6219957, 13.746401
100.6221704, 13.7456416
100.5403202, 13.7247321
100.563903, 13.7497708
100.5632566, 13.7504117
100.5638406, 13.7495335
100.5637232, 13.7494793
100.4904255, 13.7506919
100.4904511, 13.7504288
100.5030481, 13.7670134
100.5031, 13.7672077
100.4913005, 13.7510733
100.492103, 13.7511831
100.5143178, 13.7663101
100.5141228, 13.7663928
100.5143429, 13.7664552
100.5142444, 13.7661593
100.5142087, 13.7660867
100.5140386, 13.7657419
100.5943038, 13.8724346
100.6118376, 13.7414826
100.611777, 13.7413515
100.6117837, 13.7398716
100.6117013, 13.7366499
100.611765, 13.7366584
100.6117006, 13.736463
100.6112781, 13.7366658
100.6118924, 13.7274491
100.6120439, 13.7274452
100.6106846, 13.7236959
100.6307199, 13.7100692
100.6306253, 13.7100673
100.5145846, 13.7188746
100.5144589, 13.7185398
100.5130429, 13.7192777
100.5131582, 13.7192406
100.5129533, 13.7189381
100.515052, 13.7183833
100.7006149, 13.7640662
100.7006485, 13.7640369
100.5464582, 13.7365591
100.5463784, 13.7361182
100.5462249, 13.7366763
100.5464703, 13.7366399
100.5461626, 13.7362198
100.5462423, 13.7367701
100.5100925, 13.7362911
100.5902706, 13.7262363
100.5903878, 13.7262462
100.6695694, 13.7563851
100.6710976, 13.7553626
100.6696193, 13.748614
100.5159543, 13.542117
100.5151065, 13.5423
100.507691, 13.6879341
100.6649808, 13.9096706
100.6528912, 13.7186908
100.6594134, 13.7203027
100.6596726, 13.7203669
100.6412165, 13.7338168
100.6413564, 13.7333656
100.6410342, 13.733107
100.6408661, 13.7329437
100.6408276, 13.7329033
100.6362442, 13.7292062
100.6429924, 13.7068483
100.6410725, 13.7119505
100.6410264, 13.7117507
100.5604857, 13.7237172
100.5602947, 13.7232205
100.5623157, 13.6264116
100.3668238, 13.7075893
100.3668587, 13.707188
100.6933594, 13.6810591
100.692777, 13.6809286
100.6935603, 13.6810305
100.5046552, 13.738522
100.5044473, 13.7385495
100.5045128, 13.738769
100.4963283, 13.6509481
100.4966384, 13.6508919
100.4957721, 13.6505568
100.494711, 13.6501548
100.4947182, 13.6499315
100.4943461, 13.649858
100.4944376, 13.6497409
100.4951707, 13.6501734
100.4951314, 13.6502365
100.4942825, 13.6494415
100.4942168, 13.6494834
100.4945198, 13.6495536
100.4945467, 13.6496022
100.4947812, 13.6489811
100.4948123, 13.6490393
100.4929268, 13.6516598
100.4932157, 13.6522123
100.4953616, 13.6525921
100.4949975, 13.652908
100.4953431, 13.65205
100.4964885, 13.6515839
100.4956275, 13.6521781
100.4955203, 13.6524363
100.4953553, 13.6516909
100.4960728, 13.6518966
100.4963451, 13.6517856
100.496518, 13.6516829
100.4964267, 13.6513402
100.4962372, 13.6514773
100.4961912, 13.6514481
100.4962865, 13.6511204
100.4964045, 13.6512531
100.4963491, 13.651232
100.4962175, 13.6514559
100.4961993, 13.6511355
100.4963673, 13.6511065
100.4940191, 13.6510185
100.495362, 13.6511173
100.3636173, 13.707311
100.3636521, 13.7069853
100.3605059, 13.7070505
100.3605381, 13.7067273
100.4224744, 13.8422014
100.549584, 13.8707743
100.5510141, 13.8705094
100.5502731, 13.8706466
100.5485536, 13.8711847
100.5489345, 13.8710962
100.4126477, 13.6832645
100.4126289, 13.6829674
100.4050601, 13.703933
100.4555286, 13.7233718
100.4567238, 13.7236111
100.4566934, 13.7237174
100.4555557, 13.7233015
100.396079, 13.7841579
100.3960762, 13.7840967
100.3961714, 13.7840889
100.396225, 13.7845865
100.4307009, 13.7810306
100.4307065, 13.7810733
100.4308694, 13.780609
100.4308611, 13.7805435
100.3962984, 13.7845219
100.396304, 13.7845785
100.5250778, 13.8787257
100.5250607, 13.878655
100.5458875, 13.7181067
100.5455888, 13.7182997
100.5458668, 13.7180872
100.5461386, 13.7180731
100.6081125, 13.7076159
100.6080524, 13.7075978
100.5995438, 13.7097542
100.5287087, 13.723936
100.5378972, 13.7449545
100.5379346, 13.7452071
100.5788929, 13.8537877
100.5789031, 13.8537194
100.5292942, 13.723576
100.5293231, 13.7235905
100.5291232, 13.7239068
100.5291597, 13.7238977
100.5299059, 13.7231486
100.5298683, 13.7230958
100.5296899, 13.7218977
100.5296817, 13.7218129
100.5295254, 13.7239279
100.5294788, 13.7238726
100.5308624, 13.7218308
100.5308548, 13.7219431
100.5295828, 13.7227233
100.5296565, 13.7227175
100.5288334, 13.7242141
100.528886, 13.724266
100.5303402, 13.7223381
100.5302466, 13.7223259
100.5292234, 13.7245193
100.5291533, 13.7245056
100.5292815, 13.7233354
100.5293279, 13.7233861
100.5302222, 13.721426
100.5302848, 13.7214109
100.5298193, 13.722201
100.5298727, 13.7222657
100.529338, 13.7240419
100.5293441, 13.7239967
100.5307556, 13.7215838
100.5306658, 13.7214919
100.5306814, 13.7221867
100.5307429, 13.7221383
100.52902, 13.7238561
100.529088, 13.7238638
100.5300886, 13.7214489
100.5073916, 13.7389926
100.508103, 13.7396603
100.5047761, 13.7445717
100.5050451, 13.7443912
100.5614678, 13.738532
100.5613475, 13.736898
