100.4997142, 13.756513
100.4985416, 13.7557203
100.4986759, 13.7567438
100.4981852, 13.7549476
100.4986501, 13.7551784
100.4985055, 13.7551834
100.4985365, 13.7555447
100.5010465, 13.7614488
100.5013794, 13.7609833
100.4070873, 13.680838
100.4070733, 13.6805149
100.4092722, 13.6776382
100.4096906, 13.6777946
100.4101733, 13.6870513
100.4090173, 13.6884859
100.409948, 13.687411
100.4104201, 13.686723
100.4110799, 13.6856962
100.4108761, 13.6860558
100.4078773, 13.688869
100.4087182, 13.6892118
100.408108, 13.6894159
100.4104469, 13.6862487
100.4088416, 13.6888391
100.4091286, 13.6880963
100.4113321, 13.6874214
100.4105463, 13.6869204
100.4116941, 13.6889095
100.409964, 13.6877672
100.4117316, 13.6868246
100.4109612, 13.686317
100.4121475, 13.6862226
100.4113696, 13.6857259
100.4119409, 13.6865275
100.4111593, 13.6860275
100.4119194, 13.6885576
100.4101795, 13.6874395
100.4115187, 13.6871139
100.4107606, 13.6866127
100.411192, 13.6876145
100.410403, 13.6871221
100.4153928, 13.6927125
100.4158171, 13.6916151
100.4167018, 13.692383
100.4162672, 13.6930096
100.4161117, 13.691596
100.4162697, 13.6912545
100.4152266, 13.6907881
100.4172263, 13.6916641
100.4173381, 13.6912886
100.4153929, 13.690465
100.415586, 13.6901158
100.4174489, 13.6909166
100.4154045, 13.691308
100.4155611, 13.6909376
100.416476, 13.6917469
100.4169338, 13.6907042
100.4157845, 13.6916139
100.4162377, 13.6904003
100.4055649, 13.7207517
100.3901683, 13.643335
100.3915281, 13.643348
100.3918044, 13.6438068
100.3919171, 13.6434705
100.3922899, 13.6438823
100.3902756, 13.6429753
100.390749, 13.6476096
100.3897659, 13.6471952
100.3899698, 13.6485141
100.3892912, 13.6482248
100.3907476, 13.6444141
100.3898598, 13.6440466
100.3902836, 13.6482352
100.3894521, 13.6478781
100.3908817, 13.6472434
100.3887977, 13.6463676
100.3905706, 13.6479354
100.389605, 13.647534
100.3892107, 13.6484098
100.3899349, 13.6468394
100.3902595, 13.64514
100.3898947, 13.6449758
100.3902192, 13.6441977
100.3905518, 13.6434549
100.3905786, 13.6443489
100.3909193, 13.6435722
100.3905867, 13.6447998
100.3896935, 13.6444089
100.390407, 13.6452051
100.3895165, 13.6448037
100.3921129, 13.6435252
100.3922282, 13.6431968
100.3917856, 13.6414895
100.3908817, 13.6411846
100.3919144, 13.6419379
100.390753, 13.6415599
100.3920163, 13.6423497
100.3906377, 13.6418988
100.3917159, 13.6410699
100.3909944, 13.6408457
100.3915067, 13.6406216
100.3911151, 13.6404912
100.3921531, 13.6427746
100.3905223, 13.642235
100.3883242, 13.6382662
100.3886807, 13.6384474
100.3893864, 13.638944
100.3886405, 13.6385218
100.388845, 13.6410245
100.3880131, 13.6389179
100.3867471, 13.6386364
100.3892158, 13.6399351
100.3881257, 13.6385425
100.3885245, 13.6387366
100.388326, 13.639104
100.3893344, 13.6395948
100.3887398, 13.6393054
100.3892565, 13.6383005
100.3892683, 13.6392411
100.3884866, 13.6388067
100.3882491, 13.6392463
100.3889006, 13.6380403
100.3880131, 13.6388449
100.3883728, 13.6390174
100.3890929, 13.6402915
100.3875517, 13.6404506
100.3874605, 13.6386364
100.3872749, 13.6389505
100.3865164, 13.6389544
100.3876039, 13.6395928
100.3877515, 13.6401097
100.3889684, 13.6406596
100.3863286, 13.6392724
100.3874063, 13.6399187
100.3876858, 13.6387406
100.3874907, 13.6390789
100.3871226, 13.6384748
100.3869524, 13.6387586
100.3891969, 13.6399893
100.3910507, 13.6406685
100.388941, 13.643474
100.3891154, 13.6429872
100.3885858, 13.641586
100.3888102, 13.6411274
100.3906645, 13.6418154
100.3883352, 13.6427437
100.3887617, 13.6428768
100.3885322, 13.6419497
100.3903989, 13.6426051
100.3877945, 13.6474337
100.3896908, 13.6432385
100.3890697, 13.64036
100.3909327, 13.6410282
100.388232, 13.643093
100.3886474, 13.6432172
100.3889934, 13.6433276
100.3896048, 13.6435414
100.3889532, 13.6407046
100.3908093, 13.6413931
100.388402, 13.642335
100.3892468, 13.6438077
100.389447, 13.6438927
100.3877179, 13.6446105
100.3881099, 13.6447741
100.3880183, 13.642838
100.3882797, 13.6429313
100.3875626, 13.6453612
100.3878226, 13.6454593
100.3872944, 13.6460805
100.3875438, 13.6461807
100.3887211, 13.6448555
100.3871978, 13.6470762
100.3886084, 13.64521
100.3880082, 13.6449789
100.387568, 13.6472378
100.3879969, 13.6461587
100.3879218, 13.643203
100.3881738, 13.6432899
100.3877233, 13.6450223
100.3879587, 13.6451068
100.3873998, 13.6457365
100.3876793, 13.64583
100.3871496, 13.6464402
100.3877926, 13.6466727
100.3864282, 13.6411953
100.3884787, 13.6421078
100.3855992, 13.6388868
100.3860912, 13.6391648
100.3860659, 13.6404976
100.3862711, 13.6401536
100.3862646, 13.6388873
100.3856904, 13.6398064
100.3859318, 13.6387356
100.3857705, 13.6389836
100.3857494, 13.6402683
100.3859388, 13.639955
100.38539, 13.6391839
100.385895, 13.6394789
100.3854447, 13.6400652
100.3856153, 13.6397615
100.386209, 13.641519
100.3883575, 13.6424665
100.3860498, 13.641754
100.386597, 13.640946
100.3863824, 13.6407114
100.3864414, 13.6399867
100.3853093, 13.6395786
100.3887249, 13.6413796
100.3690781, 13.6225746
100.3700385, 13.6221376
100.3710253, 13.622248
100.3686528, 13.622642
100.3717427, 13.6221206
100.3703661, 13.6220828
100.3869081, 13.633345
100.3874637, 13.6333486
100.3879163, 13.6356753
100.3885654, 13.6356701
100.3868115, 13.6341166
100.3887424, 13.634127
100.3868866, 13.6337256
100.3874592, 13.6337293
100.3873211, 13.633053
100.3874665, 13.6331123
100.388029, 13.6360559
100.3885279, 13.6360507
100.3881741, 13.6352856
100.3881741, 13.6360544
100.3868115, 13.6345023
100.3886834, 13.6345128
100.3882811, 13.6366033
100.3882975, 13.6360531
100.3868008, 13.6348933
100.3886727, 13.6349038
100.3867954, 13.6352895
100.3886405, 13.6352843
100.3878305, 13.6355554
100.3874376, 13.6355643
100.3886021, 13.641743
100.3871063, 13.6410908
100.3869291, 13.6414182
100.387289, 13.6407531
100.3841719, 13.6786956
100.3820907, 13.6761994
100.3833136, 13.6770964
100.3833395, 13.6760971
100.3848359, 13.6769672
100.3840138, 13.6768436
100.3823051, 13.6760852
100.3851156, 13.6762297
100.3841076, 13.6780763
100.3839896, 13.6773778
100.3840473, 13.6761053
100.3826163, 13.67694
100.3826421, 13.6760891
100.3867596, 13.676123
100.3882955, 13.6733564
100.3879575, 13.6733043
100.3864233, 13.6760386
100.3886566, 13.6742293
100.3880043, 13.6738928
100.3879914, 13.6748861
100.3875835, 13.6746477
100.3887532, 13.6739531
100.3881552, 13.6736221
100.3878144, 13.6751206
100.3874395, 13.674906
100.3883669, 13.6744482
100.3878624, 13.6741473
100.3875998, 13.6753239
100.3872998, 13.675156
100.387396, 13.6755376
100.3871611, 13.6754043
100.3881792, 13.6746619
100.3877254, 13.6743932
100.4069217, 13.6978827
100.3868388, 13.6543428
100.3869756, 13.6539883
100.3865572, 13.6538111
100.3873753, 13.6541499
100.386753, 13.6534514
100.3876891, 13.6538137
100.3865947, 13.6542933
100.386753, 13.6538997
100.3869374, 13.6530971
100.387791, 13.653441
100.3874584, 13.6527346
100.3878768, 13.6528624
100.3879653, 13.6525861
100.3959952, 13.6660663
100.3819681, 13.654378
100.3815041, 13.6520426
100.3817025, 13.6516099
100.3815121, 13.6516073
100.3815014, 13.6533458
100.381496, 13.6529106
100.381496, 13.6538124
100.3828183, 13.6538463
100.3815014, 13.6524805
100.3826655, 13.654232
100.3819681, 13.6542424
100.3837143, 13.6540789
100.3838055, 13.6536697
100.382223, 13.6560415
100.3812695, 13.6512001
100.3812519, 13.6543076
100.3807679, 13.6513721
100.3812615, 13.6513799
100.3821828, 13.656177
100.3808484, 13.6537752
100.381248, 13.6537752
100.3723528, 13.6594217
100.3731392, 13.6596344
100.3738081, 13.6596547
100.3722191, 13.6598455
100.3552261, 13.6547965
100.3542334, 13.6546949
100.3542551, 13.6545723
100.3541612, 13.6551038
100.3555157, 13.6538477
100.3554889, 13.6542908
100.3554299, 13.6546974
100.3543892, 13.6544889
100.354433, 13.6540005
100.3540281, 13.6539666
100.3551742, 13.6540656
100.3551134, 13.6545515
100.3541086, 13.6535287
100.354754, 13.6545045
100.3547979, 13.654031
100.4061769, 13.6689991
100.3836121, 13.6676429
100.3832985, 13.670242
100.3832931, 13.669838
100.3848381, 13.669851
100.3691606, 13.6710429
100.4377235, 13.6504495
100.4371138, 13.6502825
100.4370188, 13.6517296
100.4383637, 13.6491096
100.4379614, 13.6498237
100.437619, 13.6497398
100.4378096, 13.6501425
100.4375337, 13.6500775
100.437028, 13.65059
100.4373652, 13.6506712
100.4381116, 13.6495422
100.437382, 13.6493546
100.4475554, 13.6584403
100.4475715, 13.6587978
100.4450547, 13.6595426
100.4466319, 13.6593341
100.4478791, 13.6587737
100.4476844, 13.6577031
100.4473319, 13.6648152
100.4482117, 13.6634703
100.4469993, 13.6639134
100.4398063, 13.6208378
100.4400321, 13.6232314
100.4394779, 13.6217343
100.4405138, 13.6221674
100.439683, 13.6240024
100.4422996, 13.6182234
100.4396167, 13.6213554
100.4406773, 13.6218064
100.4393611, 13.6237782
100.4395092, 13.6234282
100.441125, 13.6197929
100.4415103, 13.6199667
100.4392088, 13.6224691
100.4401927, 13.6228767
100.4397511, 13.6209887
100.4408378, 13.6214518
100.4393419, 13.6221057
100.4403513, 13.6225264
100.438991, 13.623627
100.4398743, 13.6235798
100.4405788, 13.6210881
100.4418696, 13.6180269
100.429512, 13.6590199
100.4292374, 13.6583292
100.4293002, 13.6598227
100.4294906, 13.6584356
100.4293451, 13.6589862
100.4285247, 13.6584209
100.4291842, 13.6585563
100.4293913, 13.6594317
100.4878373, 13.9206952
100.486761, 13.923664
100.4877481, 13.9224768
100.4881812, 13.9224939
100.4861801, 13.9247777
100.486083, 13.925163
100.4877481, 13.9229558
100.4881394, 13.9229655
100.4116002, 13.6769344
100.4113551, 13.6802484
100.4120719, 13.6793552
100.4105971, 13.6815759
100.4115355, 13.6799148
100.4117075, 13.6795927
100.4108283, 13.6812651
100.4111843, 13.6805664
100.4030843, 13.6949405
100.4018454, 13.6946948
100.385758, 13.6791037
100.3848016, 13.6791503
100.385626, 13.6794884
100.3849714, 13.6792644
100.3855027, 13.6799627
100.3840862, 13.6789324
100.5017483, 13.7607669
100.5046961, 13.7582702
100.5053985, 13.7537654
100.5049442, 13.7538712
100.4986312, 13.7550066
100.5022036, 13.7582954
100.5038, 13.752883
100.4554977, 13.8000738
100.4562803, 13.8002664
100.4547842, 13.7992298
100.4552992, 13.7997769
100.4556961, 13.8003551
100.4562876, 13.7998352
100.5085562, 13.7195731
100.5089009, 13.720679
100.5140367, 13.7855595
100.5134612, 13.7858669
100.5143492, 13.7861056
100.5134085, 13.7844617
100.5160657, 13.7852124
100.5142831, 13.7861399
100.5124824, 13.7849635
100.5132036, 13.7856616
100.6909355, 13.7018267
100.6892824, 13.7013432
100.6787938, 13.7039282
100.5883796, 13.7939595
100.5883735, 13.7945054
100.5880971, 13.7936488
100.5889035, 13.7939238
100.6209483, 13.8004286
100.6208367, 13.8019605
100.6208506, 13.8015538
100.6209553, 13.800754
100.6209414, 13.8011335
100.611546, 13.8012326
100.6119471, 13.8015114
100.6119925, 13.8006184
100.6123607, 13.8006079
100.6097882, 13.8028293
100.6067654, 13.802093
100.5883769, 13.7942041
100.5728842, 13.8070281
100.5727959, 13.8070373
100.4881634, 13.7660654
100.4889575, 13.7664436
100.488376, 13.7671682
100.4878476, 13.7670978
100.4880028, 13.7671185
100.487838, 13.7664922
100.4838188, 13.7713081
100.4842152, 13.7707584
100.4844978, 13.7722323
100.4852616, 13.7735439
100.533039, 13.9364633
100.5324072, 13.9360931
100.5330062, 13.9358404
100.5325066, 13.9366176
100.5323454, 13.9354756
100.5320557, 13.9357593
100.5321844, 13.9364388
100.5325707, 13.9371534
100.5318116, 13.9361082
100.5322513, 13.9363349
100.5316453, 13.9364388
100.5320503, 13.9366418
100.5323504, 13.9365284
100.5323695, 13.9364987
100.6790331, 13.7036718
100.6787776, 13.7036933
100.581296, 13.8508568
100.5818754, 13.850572
100.5813176, 13.8502722
100.5815928, 13.850069
100.5888138, 13.8836051
100.588616, 13.8832539
100.5884115, 13.8837249
100.5882325, 13.88342
100.588036, 13.8838499
100.5878794, 13.8835731
100.5836247, 13.8897374
100.5887548, 13.8831937
100.5873708, 13.8835181
100.5876336, 13.8839957
100.5875049, 13.8837353
100.402266, 13.6952055
100.4021234, 13.6935243
100.4033198, 13.6937644
100.4020384, 13.693923
100.4032578, 13.6941499
100.4031852, 13.6945402
100.4019837, 13.6943092
100.402351, 13.6922663
100.4035056, 13.6925181
100.4022758, 13.6926665
100.402767, 13.6927602
100.4022134, 13.693105
100.4033641, 13.6933523
100.4846844, 13.7724161
100.4855666, 13.7719143
100.4847788, 13.7725682
100.4858209, 13.7724505
100.5750645, 13.8386653
100.5757135, 13.8365531
100.5507907, 13.83944
100.5511489, 13.839468
100.4870279, 13.9233163
100.53613, 13.8007955
100.5348551, 13.8007229
100.5358133, 13.7986567
100.5372889, 13.7979591
100.5334315, 13.7998451
100.4963173, 13.7647699
100.4961494, 13.7649133
100.5360902, 13.7668969
100.5358408, 13.7681498
100.6467899, 13.7650867
100.6467415, 13.7661166
100.6473623, 13.765454
100.6470997, 13.7661686
100.6463742, 13.7650346
100.6463198, 13.7660616
100.6460335, 13.7650319
100.6459602, 13.7660238
100.6472954, 13.7662
100.653026, 13.6137683
100.6535625, 13.6160206
100.653423, 13.6137683
100.6540283, 13.616354
100.6115216, 13.9408979
100.612608, 13.9402641
100.6113618, 13.9409911
100.6102963, 13.9421089
100.4996561, 13.6539188
100.4999464, 13.6543785
100.4984737, 13.6553141
100.499584, 13.6519417
100.4990717, 13.6512369
100.499946, 13.652183
100.4996465, 13.6524059
100.4986729, 13.6525891
100.4996913, 13.6518652
100.7432451, 13.8890512
100.5431333, 13.7787476
100.5404565, 13.7786514
100.5408124, 13.7783291
100.5381201, 13.7794148
100.5378597, 13.7790248
100.5392386, 13.7796518
100.5394886, 13.779443
100.4832414, 13.7751507
100.500113, 13.6530089
100.5003886, 13.6527902
100.5000007, 13.6535221
100.5003119, 13.6532927
100.4998777, 13.6527033
100.5001767, 13.652501
100.4985567, 13.6516514
100.4988706, 13.6513988
100.5109536, 13.7201524
100.5109942, 13.7200863
100.5660386, 13.7475429
100.5662447, 13.7485622
100.5840401, 13.8909559
100.4327755, 13.7843004
100.4337854, 13.7829244
100.4342112, 13.7925968
100.4341495, 13.7929685
100.4151305, 13.7747908
100.4282856, 13.7913563
100.4307299, 13.792322
100.4329508, 13.7931139
100.4287183, 13.7919339
100.4335929, 13.7864472
100.434485, 13.7833997
100.434546, 13.7923091
100.4319262, 13.7918454
100.4308007, 13.7928433
100.3952952, 13.799735
100.4305898, 13.7942346
100.4308079, 13.7937058
100.4333073, 13.7924373
100.4336048, 13.7908247
100.43323, 13.7939566
100.432653, 13.7944287
100.4328871, 13.7843349
100.4333042, 13.7844414
100.4319611, 13.7922101
100.43435, 13.7909457
100.4344855, 13.791425
100.4280149, 13.7896938
100.4330524, 13.7931895
100.4344767, 13.7930104
100.4331394, 13.7904577
100.4348858, 13.7836765
100.4328828, 13.7933143
100.4321493, 13.7950589
100.4308309, 13.7946644
100.4315566, 13.7929561
100.4345572, 13.7926483
100.4320098, 13.7930068
100.4311111, 13.7950985
100.4324025, 13.7931193
100.4316839, 13.7953101
100.4230374, 13.794057
100.4238703, 13.7936681
100.391865, 13.7729464
100.3927308, 13.7742703
100.3916901, 13.7760833
100.3896678, 13.7724519
100.387972, 13.7747398
100.3880087, 13.7740559
100.3913552, 13.7741014
100.3896763, 13.7729099
100.3896817, 13.7741187
100.3864294, 13.7714727
100.3878375, 13.7713521
100.3934529, 13.7724306
100.3931815, 13.7699145
100.389051, 13.774095
100.3890237, 13.7748517
100.4052401, 13.7650304
100.3926214, 13.7728891
100.3915324, 13.7729739
100.3942383, 13.7746975
100.3937211, 13.774697
100.3864706, 13.771905
100.3896452, 13.7716438
100.3890722, 13.7704239
100.3891851, 13.7716775
100.3897085, 13.7722169
100.3915003, 13.7760933
100.3886317, 13.7704586
100.3887561, 13.7717146
100.3880724, 13.7728682
100.3915456, 13.7728589
100.3899061, 13.7726337
100.3915708, 13.7726405
100.3880307, 13.7736443
100.3914537, 13.7736566
100.3899124, 13.772342
100.3899017, 13.7728422
100.3937618, 13.772749
100.393219, 13.7746767
100.4036346, 13.7706956
100.3883406, 13.7721023
100.3882936, 13.7717546
100.3877398, 13.7705288
100.3878895, 13.7717896
100.3892472, 13.7722013
100.3925912, 13.7716847
100.3883513, 13.7732642
100.3913822, 13.7732381
100.385932, 13.7710759
100.3877886, 13.7709399
100.3924337, 13.7724722
100.3888041, 13.7721289
100.3921601, 13.772566
100.3920865, 13.7717414
100.3952521, 13.7772713
100.3952768, 13.7759943
100.3992518, 13.7760724
100.3990265, 13.7746449
100.3953358, 13.775442
100.3949635, 13.7767345
100.394971, 13.7765651
100.3992518, 13.775614
100.39525, 13.7766924
100.39525, 13.7765936
100.4050991, 13.7750617
100.3999117, 13.7740301
100.3987851, 13.7740822
100.4032907, 13.7736284
100.3987905, 13.7745459
100.3996349, 13.7757864
100.3996971, 13.7730975
100.3987851, 13.7731339
100.40526, 13.7753535
100.3924283, 13.7747334
100.3947872, 13.7746924
100.381914, 13.7750773
100.3730573, 13.7873806
100.3604332, 13.7970423
100.3603005, 13.7974405
100.3646506, 13.7985767
100.3732448, 13.7895869
100.3605753, 13.7966161
100.376855, 13.7939058
100.3769302, 13.793197
100.3747629, 13.7918324
100.3746878, 13.7930306
100.3758733, 13.7926242
100.3754143, 13.7926006
100.3766458, 13.7941246
100.3772627, 13.7941246
100.3730087, 13.7947654
100.3736804, 13.7949141
100.3734379, 13.7933171
100.3739996, 13.7934507
100.3733306, 13.7936818
100.3739222, 13.7938056
100.3751009, 13.7930566
100.3756909, 13.7941767
100.377075, 13.795849
100.3762167, 13.7958334
100.3766619, 13.7945362
100.3767477, 13.7952916
100.3762649, 13.7952916
100.3747844, 13.7954166
100.3766883, 13.7947681
100.3778406, 13.7950827
100.3762059, 13.7957084
100.3746395, 13.7957136
100.3769087, 13.7953072
100.3763239, 13.7952916
100.3728907, 13.7951666
100.3736016, 13.795275
100.3749828, 13.7946248
100.3757093, 13.7945593
100.3783141, 13.7948957
100.3778528, 13.7946352
100.3770964, 13.7926659
100.3778528, 13.7928378
100.3744249, 13.7924419
100.3747235, 13.7924606
100.3760021, 13.7922075
100.3754398, 13.7921844
100.3732555, 13.7940413
100.3738439, 13.7941644
100.3780515, 13.7947473
100.3776224, 13.7954297
100.376222, 13.7962137
100.3773009, 13.7932256
100.3761737, 13.7960835
100.3748273, 13.7961981
100.3753208, 13.7937652
100.3754549, 13.7919365
100.3757649, 13.7931068
100.3759045, 13.7973551
100.3748541, 13.796594
100.3758377, 13.7965075
100.3731268, 13.794406
100.373763, 13.7945353
100.3736256, 13.7962554
100.3745084, 13.7964043
100.3736203, 13.7958751
100.3745784, 13.7960355
100.3751009, 13.7923116
100.3747337, 13.7922985
100.3751116, 13.7926711
100.3747115, 13.792653
100.3785824, 13.7929524
100.3778743, 13.7927753
100.3772037, 13.7966149
100.3758603, 13.7967944
100.3784858, 13.7933275
100.3777938, 13.793166
100.3735237, 13.7929993
100.3740924, 13.7930254
100.3762652, 13.7946117
100.3748541, 13.7950259
100.3760879, 13.7938798
100.376157, 13.7931372
100.3746717, 13.7969795
100.3758685, 13.7968988
100.3764795, 13.7938954
100.3765385, 13.7931667
100.3776321, 13.7895374
100.3780352, 13.7895374
100.3754764, 13.7882272
100.3772327, 13.7885137
100.3764956, 13.7892535
100.3759002, 13.7914572
100.3745165, 13.7913672
100.3754817, 13.7916396
100.3746933, 13.7907889
100.3756051, 13.79103
100.3763883, 13.7896859
100.3772073, 13.7897519
100.3735988, 13.7896963
100.3759125, 13.789927
100.3742694, 13.7886909
100.376115, 13.7891998
100.3748091, 13.7904101
100.3757085, 13.7906589
100.3780352, 13.7873259
100.3776329, 13.7897901
100.3758139, 13.7902807
100.3746878, 13.7884043
100.3772362, 13.7889227
100.3744571, 13.7915614
100.3745832, 13.7911491
100.3755035, 13.7913973
100.3771769, 13.790035
100.3772252, 13.7876385
100.3737437, 13.7889566
100.3760128, 13.7895668
100.7516614, 13.6332304
100.7503962, 13.6305524
100.7568252, 13.6226775
100.7533829, 13.6319132
100.746922, 13.6345538
100.7502291, 13.6322503
100.756991, 13.6230844
100.7579378, 13.6233354
100.7606069, 13.6229367
100.7525895, 13.6321669
100.7515715, 13.6300111
100.7518653, 13.6326569
100.7507845, 13.6303735
100.7509533, 13.6327351
100.749989, 13.6307399
100.7522676, 13.6325058
100.751188, 13.6301877
100.7536029, 13.6328867
100.7541763, 13.6336157
100.7495961, 13.6309209
100.746646, 13.6342783
100.750054, 13.6318825
100.792254, 13.6492239
100.7886759, 13.6498547
100.7161073, 13.9346821
100.619692, 13.7997959
100.62106, 13.8000423
100.7172436, 13.6355869
100.7143489, 13.6362706
100.7172007, 13.6359049
100.7144172, 13.6365524
100.717485, 13.6349144
100.7173884, 13.6343201
100.7174474, 13.634612
100.7141365, 13.6353955
100.7172275, 13.636202
100.7144866, 13.6368381
100.7140628, 13.6350916
100.7172758, 13.6365096
100.7147841, 13.636769
100.7162041, 13.6345948
100.7167066, 13.6366363
100.7172919, 13.6352637
100.7142742, 13.6359629
100.7142028, 13.6356686
100.715055, 13.6348614
100.7155484, 13.6368939
100.6978137, 13.6671508
100.696035, 13.6681783
100.6966603, 13.667745
100.6976962, 13.6672113
100.715023, 13.6628296
100.7312565, 13.6861041
100.7278854, 13.6870334
100.7300983, 13.6864097
100.7302765, 13.6869068
100.7286964, 13.6994243
100.7312981, 13.6866029
100.7281002, 13.6875543
100.7278702, 13.7000966
100.7107167, 13.6576704
100.7151729, 13.6631841
100.7604189, 13.8916971
100.763531, 13.8921878
100.7583315, 13.8913679
100.7630591, 13.8921134
100.7609745, 13.8846415
100.7607724, 13.8917528
100.7590433, 13.8842092
100.7588085, 13.8914431
100.7199336, 13.8870115
100.7207651, 13.8870167
100.7152268, 13.8918071
100.7152131, 13.8866938
100.719649, 13.8872309
100.719936, 13.8866552
100.709843, 13.8861677
100.7449939, 13.8647942
100.7368186, 13.8659139
100.7462009, 13.866893
100.7372458, 13.8659789
100.7449403, 13.8656691
100.7450551, 13.863909
100.7450341, 13.8643453
100.7449778, 13.8652264
100.7449586, 13.8632838
100.7449263, 13.8661121
100.7423975, 13.8664766
100.7418826, 13.8664975
100.7132417, 13.861103
100.713419, 13.8632838
100.7134144, 13.8636196
100.7704226, 13.9117266
100.7937557, 13.9076234
100.4869876, 13.8307951
100.4799776, 13.8283847
100.4769874, 13.8325481
100.4752547, 13.8307617
100.475303, 13.8299908
100.4752654, 13.8304023
100.4759925, 13.8310794
100.4733128, 13.8278551
100.4773629, 13.832147
100.474771, 13.8288735
100.4774112, 13.8318084
100.4805175, 13.8313516
100.4752172, 13.8311419
100.4770947, 13.8328398
100.4486067, 13.832686
100.4486616, 13.8330157
100.4245013, 13.6530518
100.4245439, 13.6544832
100.4206227, 14.0409382
100.4162516, 13.6918079
100.4158113, 13.6928584
100.5331853, 13.6568603
100.5326939, 13.6574347
100.4044872, 13.6469057
100.4053126, 13.6471588
100.3859218, 13.655674
100.7500336, 13.7218782
100.7510287, 13.7216724
100.7283266, 13.7047457
100.7288655, 13.7045988
100.731041, 13.7086413
100.7308556, 13.7079837
100.750114, 13.7215343
100.7506663, 13.721413
100.7283105, 13.7051261
100.728962, 13.7049508
100.7305925, 13.7085064
100.729905, 13.7086826
100.7316632, 13.703818
100.7310198, 13.7039937
100.73191, 13.7045685
100.7312206, 13.7047592
100.7296194, 13.7094152
100.7295202, 13.7090295
100.7507943, 13.7229208
100.7506041, 13.7217602
100.7285519, 13.7065646
100.7321299, 13.7056369
100.7287235, 13.7072577
100.7323392, 13.70633
100.7284821, 13.7062206
100.7320387, 13.7052773
100.7315935, 13.7083468
100.7314667, 13.7078309
100.7292253, 13.708409
100.7299633, 13.7089134
100.7409891, 13.7224068
100.7501784, 13.7211799
100.7504729, 13.721099
100.7502723, 13.7207734
100.7508491, 13.7217095
100.7284017, 13.7058818
100.732028, 13.7049177
100.7286592, 13.7068981
100.7322533, 13.7059808
100.7325537, 13.7069971
100.7318554, 13.7071772
100.7317652, 13.7041985
100.7311207, 13.7043783
100.7289488, 13.7075756
100.7317672, 13.7068414
100.7306574, 13.7087481
100.7304776, 13.7080783
100.7283319, 13.705517
100.7290095, 13.7053353
100.3867639, 13.6627107
100.3876921, 13.6629148
100.3875276, 13.6598309
100.3871498, 13.6624022
100.3868953, 13.662328
100.3872508, 13.6620825
100.3869955, 13.6620073
100.3873045, 13.6617867
100.3870847, 13.6617218
100.3871743, 13.6614196
100.3873599, 13.6614734
100.3872834, 13.6611015
100.3874592, 13.6611537
100.3878663, 13.6598088
100.38735, 13.6628396
100.3874446, 13.6624196
100.3875227, 13.6620588
100.3870995, 13.6627845
100.3867672, 13.6669385
100.3871547, 13.6670351
100.3878679, 13.6642835
100.3868956, 13.666555
100.3872785, 13.6666806
100.3870798, 13.6660034
100.3874674, 13.6661221
100.3871709, 13.665727
100.3875633, 13.6658568
100.3865813, 13.6633911
100.3868045, 13.6627196
100.38763, 13.6632868
100.3870782, 13.663168
100.3874369, 13.6634588
100.3872846, 13.6641871
100.3868146, 13.6648428
100.3873778, 13.6649275
100.3868736, 13.664517
100.3874351, 13.6645958
100.389353, 13.6642107
100.3897881, 13.6639611
100.3894421, 13.6639768
100.3890076, 13.6636536
100.3853343, 13.6605609
100.3864525, 13.6608421
100.3854572, 13.6605918
100.3856655, 13.6597864
100.3857458, 13.6606644
100.385968, 13.6598237
100.3860411, 13.6607386
100.3862609, 13.6598634
100.3939576, 13.6722201
100.3936155, 13.6717246
100.3953396, 13.6723509
100.3947491, 13.6721328
100.3898511, 13.673591
100.3892579, 13.6715709
100.3907526, 13.6720589
100.3863828, 13.67311
100.3784068, 13.6747716
100.3783686, 13.6747649
100.3782917, 13.6752821
100.3783426, 13.6749053
100.3850456, 13.6743104
100.5753501, 13.8364731
100.5748179, 13.8382424
100.7787088, 13.7396927
100.7764489, 13.7399097
100.398087, 13.7043892
100.3974268, 13.7042236
100.3985167, 13.7042703
100.3985383, 13.7039018
100.3985551, 13.7035379
100.3985768, 13.7031578
100.3985936, 13.7027963
100.398608, 13.7024278
100.3986368, 13.7020616
100.3973644, 13.7016301
100.3986584, 13.7016977
100.4001505, 13.699491
100.3996804, 13.7006032
100.4001277, 13.6998027
100.4001048, 13.7001176
100.4006618, 13.7004798
100.4000816, 13.7004356
100.3895749, 13.7027318
100.388958, 13.6993832
100.3894059, 13.7022367
100.3893327, 13.7022219
100.3889741, 13.6996959
100.3886994, 13.6997087
100.3892772, 13.7018328
100.7054795, 13.7013659
100.705732, 13.7013414
100.7053454, 13.7010219
100.705847, 13.7023848
100.7057772, 13.7028382
100.7061288, 13.7028511
100.7058121, 13.7027418
100.7056538, 13.7017072
100.7057638, 13.702046
100.7061194, 13.7027858
100.7057059, 13.7012585
100.7001426, 13.7030472
100.7001379, 13.7029248
100.7053133, 13.7072629
100.705721, 13.7073204
100.7059247, 13.7067227
100.7057423, 13.7072578
100.7049109, 13.7108693
100.7049201, 13.7107682
100.7051261, 13.7099712
100.7049915, 13.7103325
100.7058229, 13.7010558
100.7060386, 13.7017807
100.7057157, 13.7007014
100.7061502, 13.7021659
100.7063272, 13.7025359
100.3851421, 13.7071229
100.3858115, 13.7069776
100.3858476, 13.7065679
100.3857926, 13.7061614
100.5013, 13.5449312
100.5013261, 13.5447313
100.5013242, 13.5451242
100.5016697, 13.5448854
100.3799222, 13.7051617
100.3806937, 13.7048115
100.3764308, 13.7054592
100.3764891, 13.7052142
100.3764604, 13.705335
100.3757999, 13.7050208
100.6091581, 13.8023807
100.6095513, 13.802406
100.609377, 13.8012769
100.6092106, 13.8012808
100.6116201, 13.8006291
100.6116074, 13.8011814
100.6108517, 13.8006539
100.6108626, 13.8010574
100.6111335, 13.8012522
100.6112321, 13.8006404
100.621034, 13.803084
100.6209156, 13.8029658
100.5397979, 13.7527121
100.5457542, 13.7529149
100.5447013, 13.7512313
100.5453925, 13.7512189
100.5450297, 13.7512956
100.5388896, 13.7527929
100.3607814, 13.7167933
100.3638331, 13.7174942
100.3629465, 13.7179814
100.3628871, 13.71821
100.36274, 13.7179345
100.3626795, 13.7181592
100.3629868, 13.7184896
100.363046, 13.7182489
100.3618916, 13.7184037
100.3620159, 13.7179969
100.3616937, 13.7183495
100.3618108, 13.7179467
100.3614895, 13.7182936
100.3616033, 13.717896
100.3617154, 13.7185729
100.3617764, 13.7183722
100.3615089, 13.718526
100.36157, 13.7183157
100.7964221, 13.7239707
100.7977239, 13.7234955
100.7970602, 13.7228273
100.7978705, 13.725039
100.7979778, 13.724669
100.7967493, 13.7250702
100.7975433, 13.7251276
100.7967423, 13.7229651
100.7972161, 13.7252578
100.796431, 13.7231001
100.7961539, 13.7232202
100.7974278, 13.7226679
100.7834993, 13.7038283
100.7852964, 13.7021866
100.7840764, 13.7033012
100.7828063, 13.7023758
100.4114031, 13.6890721
100.4115664, 13.6888251
100.4112288, 13.6889366
100.4113818, 13.6887033
100.4115909, 13.6885952
100.4114765, 13.6887658
100.4034529, 13.6929593
100.4027539, 13.6928242
100.4024437, 13.6918658
100.403487, 13.6920926
100.395701, 13.6816026
100.3968758, 13.6776856
100.3957824, 13.6814214
100.3943926, 13.6808194
100.3948262, 13.6810072
100.3945476, 13.6806513
100.3951714, 13.6802576
100.3950077, 13.6806131
100.396403, 13.6786993
100.3965387, 13.6784084
100.3966629, 13.6781421
100.4023624, 13.7004516
100.4024482, 13.7011005
100.6473907, 13.7651362
100.7831899, 13.7029115
100.7833302, 13.7027575
