100.5205402, 13.7572393
100.5206391, 13.7573905
100.5164554, 13.7376951
100.5165377, 13.737937
100.6208275, 13.956363
100.6205066, 13.9568296
100.6217116, 13.9534464
100.6205269, 13.9570776
100.7447541, 13.816708
100.7445726, 13.8164874
100.5926706, 13.7142576
100.5925645, 13.7141434
100.5312484, 13.75349
100.5312087, 13.7533603
100.543771, 13.7259962
100.5437427, 13.7264303
100.5216011, 13.7356422
100.5216014, 13.7358091
100.6440872, 13.6662397
100.6448606, 13.67153
100.6454685, 13.6719145
100.64367, 13.6655879
100.6427775, 13.6619919
100.6435244, 13.6621354
100.6455373, 13.6652118
100.644168, 13.6616916
100.4938908, 13.7583609
100.4943648, 13.7581138
100.4956755, 13.7575994
100.4937959, 13.7583729
100.5170755, 13.738472
100.5289182, 13.7334303
100.5293693, 13.732721
100.5282192, 13.7331713
100.5287991, 13.7334684
100.5450354, 13.7259057
100.5442393, 13.7259057
100.5387089, 13.7242528
100.5386352, 13.7244597
100.5340188, 13.7231046
100.5340901, 13.7229091
100.5052444, 13.7559044
100.5050434, 13.7561759
100.5924186, 13.7142601
100.5925161, 13.7143744
100.6354576, 13.7427998
100.6430004, 13.7439918
100.48548, 13.7048105
100.4843304, 13.7051479
100.5195996, 13.6864991
100.5204746, 13.6864705
100.5210063, 13.686211
100.5210614, 13.6855258
100.4986357, 13.7574716
100.498603, 13.7572502
100.5301837, 13.7427403
100.5302871, 13.7427257
100.529587, 13.7387808
100.5297167, 13.7387629
100.5313612, 13.7460672
100.5307307, 13.7456215
100.5309028, 13.7467689
100.5313699, 13.7461971
100.530598, 13.7456587
100.5301396, 13.7462715
100.5575312, 13.8089706
100.5517058, 13.7992068
100.5379286, 13.9009314
100.5379819, 13.9011631
100.5373432, 13.9013811
100.5372465, 13.9011717
100.5091945, 13.9069328
100.5066417, 13.9072164
100.5456033, 13.7975895
100.5451667, 13.7975097
100.506648, 13.9072848
100.5092949, 13.9070928
100.5624616, 13.8123045
100.5630281, 13.8120211
100.5603214, 13.8152973
100.5188722, 13.7588675
100.5191, 13.7585308
100.5228986, 13.6843147
100.5235804, 13.6838538
100.5172125, 13.6876251
100.5178439, 13.6872733
100.5234646, 13.6836703
100.522813, 13.6842158
100.5177948, 13.6871443
100.5170838, 13.6874473
100.5486545, 13.763475
100.5479475, 13.7646421
100.5760091, 13.8402287
100.5763509, 13.840003
100.5972723, 13.8742407
100.5961695, 13.8743468
100.5574197, 13.8356583
100.5577666, 13.8335721
100.5571224, 13.8298984
100.557276, 13.8317907
100.5544837, 13.8302269
100.5553339, 13.8302021
100.5580714, 13.8322789
100.5586723, 13.8296823
100.5571026, 13.8303645
100.5532236, 13.8298548
100.5533226, 13.830038
100.5548362, 13.8303469
100.5561109, 13.8305315
100.5556967, 13.8303899
100.5557457, 13.8300955
100.560786, 13.8302573
100.5581279, 13.8296318
100.5587299, 13.8304047
100.559511, 13.8307214
100.557606, 13.8273303
100.557272, 13.8288369
100.5569752, 13.8291598
100.5557858, 13.8293976
100.5541497, 13.829799
100.5548488, 13.8297665
100.617204, 13.9842824
100.6163166, 13.9842204
100.6193355, 13.9848099
100.6186416, 13.9847582
100.6154782, 13.9877123
100.6146188, 13.9880675
100.6123927, 13.988019
100.6149263, 13.9906202
100.6152852, 13.9886731
100.6145127, 13.9895642
100.6155708, 13.9884209
100.6117983, 13.9878584
100.6129607, 13.9880057
100.617844, 13.9846037
100.6182364, 13.9856232
100.6176334, 13.9845563
100.6156542, 13.9893227
100.6174444, 13.9875
100.617918, 13.9862825
100.6170646, 13.987739
100.528823, 13.7329085
100.5287859, 13.7326841
100.5286588, 13.7327414
100.5286937, 13.7329668
100.5367076, 13.7296333
100.5365682, 13.7294606
100.5319886, 13.7535181
100.532082, 13.7532004
100.5316395, 13.7529519
100.5314452, 13.7532868
100.5320174, 13.7530883
100.5317938, 13.7529332
100.5428386, 13.7744313
100.5427262, 13.774492
100.5504659, 14.0152208
100.5495204, 14.0152361
100.5089481, 13.7214779
100.5082376, 13.7204362
100.6710533, 13.8305503
100.6749008, 13.827054
100.6773691, 13.8241023
100.6755818, 13.8255564
100.6736772, 13.8273939
100.6732858, 13.8279019
100.6735893, 13.829673
100.6497479, 13.810305
100.6502109, 13.8102078
100.4211345, 13.9404662
100.4214, 13.9414697
100.4595111, 13.9463301
100.4591819, 13.9487619
100.5700358, 14.0005362
100.5701611, 14.0006962
100.5726229, 13.888988
100.572476, 13.8888273
100.5546384, 14.0058454
100.5544403, 14.0058015
100.5651701, 13.8913684
100.5652405, 13.8915999
100.645352, 13.6711199
100.6456773, 13.6720619
100.6464844, 13.6711384
100.5283499, 13.9652023
100.5267809, 13.9644397
100.5082184, 14.0245834
100.5083833, 14.025083
100.553841, 14.0097499
100.5542502, 14.0075055
100.5555398, 14.0047724
100.5553978, 14.0013324
100.5087068, 14.0249625
100.5085393, 14.0244818
100.5546373, 14.0047418
100.5555241, 14.0049042
100.5551751, 14.0024327
100.5506429, 13.9908841
100.550758, 13.9908831
100.551907, 14.0129249
100.5504489, 14.0158858
100.3535579, 14.0276733
100.3520592, 14.0282811
100.5979198, 13.7419316
100.5978715, 13.7416512
100.3520825, 14.0285838
100.3524107, 14.0292639
100.6600978, 13.9943928
100.660117, 13.9942588
100.6543007, 13.9930599
100.6542735, 13.9931892
100.6736829, 13.9972027
100.6737079, 13.9970703
100.6789785, 13.9984096
100.6790181, 13.9982484
100.6835408, 13.999431
100.6835735, 13.9992836
100.6282005, 13.9870933
100.6282274, 13.9869622
100.6372355, 13.9890814
100.6372629, 13.9889526
100.7247283, 14.0161441
100.724763, 14.016038
100.6937748, 14.0029853
100.6938256, 14.0028598
100.6743974, 13.8265584
100.6731676, 13.8276738
100.6723307, 13.8294719
100.6733117, 13.8296303
100.6742753, 13.8301
100.6878908, 13.7939678
100.687955, 13.7938533
100.6777415, 13.7884495
100.6778456, 13.7883797
100.4999577, 13.8632992
100.5005316, 13.8631909
100.5058856, 13.861564
100.5065091, 13.8613732
100.5134031, 13.8815943
100.5135184, 13.8816407
100.5179684, 13.8696189
100.5179974, 13.8699567
100.5178605, 13.8703053
100.5178141, 13.8700452
100.5111315, 13.8603053
100.5111763, 13.860617
100.5209601, 13.8592867
100.5215821, 13.859493
100.5119897, 13.8601509
100.5223858, 13.8588479
100.5215857, 13.8591635
100.5208174, 13.85931
100.5217264, 13.8589697
100.4641213, 13.7144574
100.4627208, 13.713358
100.4623292, 13.7127847
100.4603444, 13.7140772
100.4597516, 13.7158282
100.4206446, 13.7118332
100.42086, 13.7116825
100.458003, 13.7199595
100.4576599, 13.720495
100.4586702, 13.7175525
100.4586101, 13.7210017
100.4583021, 13.7199787
100.4593908, 13.7162808
100.459595, 13.7165728
100.4642591, 13.7147511
100.4654518, 13.7146365
100.4661899, 13.7143229
100.4709636, 13.7121652
100.470849, 13.7123694
100.4572807, 13.7220118
100.4581986, 13.7199637
100.456826, 13.7202268
100.4587176, 13.717842
100.4576921, 13.7231
100.4578278, 13.7223618
100.457447, 13.7236076
100.45807, 13.7207106
100.4557852, 13.7258251
100.4549933, 13.7264773
100.4508989, 13.7308193
100.4505239, 13.7314457
100.4477015, 13.7381815
100.4473046, 13.738142
100.4474962, 13.7372976
100.4478823, 13.7373704
100.4149361, 13.8222987
100.4100486, 13.822297
100.4100368, 13.8224587
100.4149184, 13.82242
100.5882307, 13.8412509
100.5882983, 13.8410559
100.5923088, 13.8417347
100.5922998, 13.8419267
100.4881475, 13.6848646
100.4883229, 13.685035
100.4877136, 13.6855149
100.4875347, 13.6853019
100.492531, 13.8666027
100.4918663, 13.8670177
100.4920062, 13.8672672
100.4866565, 13.8700713
100.4878201, 13.8694299
100.4878183, 13.8690987
100.4862102, 13.8698865
100.4923356, 13.867154
100.57614, 13.8396429
100.5760185, 13.8399159
100.5759526, 13.839587
100.5756113, 13.8398757
100.6135281, 13.5555258
100.6133812, 13.555457
100.5987557, 13.7096824
100.5988163, 13.7098772
100.5094845, 13.8606024
100.509066, 13.8605407
100.457705, 13.9512437
100.4589665, 13.9509554
100.4595222, 13.9488975
100.4599388, 13.9462203
100.4591459, 13.9482702
100.4595442, 13.9496068
100.4584748, 13.9525187
100.4398362, 13.9475083
100.4416754, 13.9479503
100.4522359, 13.9287772
100.4562683, 13.9273659
100.4572575, 13.9269857
100.4552129, 13.9273175
100.4572863, 13.9271974
100.4548139, 13.927811
100.4521247, 13.9286714
100.4539627, 13.9313364
100.4547376, 13.9331092
100.4539107, 13.9291702
100.412249, 13.8226591
100.4463542, 13.7530368
100.4458962, 13.7529509
100.4439767, 13.7706892
100.4441032, 13.7706598
100.444111, 13.7801428
100.4434453, 13.7772009
100.4434222, 13.776161
100.4436356, 13.7749618
100.440162, 13.7800373
100.4428507, 13.7791903
100.44326, 13.7793125
100.4452078, 13.7805272
100.4446736, 13.7861896
100.4383674, 13.780215
100.5883076, 13.6275066
100.589321, 13.6240821
100.4463832, 13.788394
100.4465723, 13.78901
100.4433267, 13.783853
100.4435137, 13.7837689
100.4432202, 13.7828215
100.443913, 13.7805281
100.4432773, 13.7810268
100.4427087, 13.7806728
100.4424016, 13.7801834
100.44305, 13.7829423
100.4461698, 13.7808001
100.6466312, 13.6861139
100.6468137, 13.686107
100.6473383, 13.6927301
100.6471731, 13.6927425
100.6418711, 13.7227725
100.6420661, 13.7227858
100.6465405, 13.7004364
100.646702, 13.7004648
100.6454238, 13.7059565
100.6452811, 13.7059319
100.6433361, 13.714199
100.643506, 13.7142243
100.6426858, 13.7177177
100.6425224, 13.71767
100.5004748, 13.9093886
100.4984506, 13.9108544
100.501843, 13.9084828
100.5048748, 13.9073034
100.5043056, 13.9069711
100.5191382, 13.9062126
100.5191203, 13.9060407
100.5046916, 13.9079307
100.5050394, 13.9075181
100.4979355, 13.9116441
100.499185, 13.9104304
100.4960215, 13.9136788
100.552685, 13.8960283
100.5525804, 13.895787
100.5556624, 13.8947133
100.5557534, 13.894963
100.5282937, 13.7683379
100.5285249, 13.7684809
100.5315248, 13.7533981
100.5318436, 13.753527
100.4068281, 13.7107393
100.4087888, 13.7109321
100.492823, 13.7207386
100.4926404, 13.7212338
100.4746379, 13.7133483
100.4767665, 13.7149453
100.4780462, 13.7160524
100.4788144, 13.715527
100.478304, 13.7154926
100.4781273, 13.7163371
100.478674, 13.7160174
100.4825063, 13.7177336
100.4812425, 13.7168583
100.4807505, 13.7171657
100.4818571, 13.7176766
100.5156764, 13.8164758
100.5159182, 13.8171942
100.5157756, 13.8175758
100.5149478, 13.8182513
100.5149788, 13.8178319
100.5158736, 13.8176735
100.5165864, 13.8150376
100.5165828, 13.8147423
100.5159611, 13.8152792
100.5166813, 13.8154315
100.5169281, 13.8177042
100.5164377, 13.8147514
100.5149204, 13.8184338
100.5168398, 13.8177961
100.5163148, 13.8148696
100.5166585, 13.816511
100.5097523, 13.8098094
100.5114463, 13.809275
100.5109928, 13.8078961
100.5095787, 13.8096551
100.5101359, 13.808886
100.5102952, 13.8091646
100.5110093, 13.8099402
100.511016, 13.8082526
100.4940855, 13.7844182
100.4939825, 13.7846729
100.4831592, 13.774725
100.4829633, 13.7724096
100.482443, 13.7725538
100.4805324, 13.7716231
100.4761564, 13.7254611
100.4760132, 13.7254163
100.4590817, 13.716729
100.4586003, 13.7172724
100.487041, 13.7071109
100.4852374, 13.7050339
100.4867841, 13.707892
100.4869804, 13.7071284
100.4866674, 13.7075563
100.4842606, 13.7060183
100.4853654, 13.706794
100.4863079, 13.7069136
100.4851519, 13.7065853
100.4846815, 13.706447
100.4860784, 13.7062513
100.4853544, 13.7050574
100.4857275, 13.7052073
100.4858566, 13.705246
100.4860631, 13.70462
100.4860956, 13.7043928
100.4855042, 13.7042049
100.4854522, 13.7044147
100.4853135, 13.704825
100.4120508, 13.8202113
100.4136844, 13.8221186
100.4152287, 13.8225158
100.420812, 13.8221137
100.4198463, 13.8222208
100.4334309, 13.8225309
100.4326626, 13.8225599
100.4161544, 13.8222557
100.4152527, 13.8221553
100.4128957, 13.823689
100.4142141, 13.8225158
100.4476399, 13.8325964
100.4472678, 13.832581
100.4496718, 13.85538
100.4499495, 13.8550044
100.4514879, 13.8605985
100.4510679, 13.8604074
100.4499078, 13.877939
100.4537185, 13.8760325
100.4085323, 13.8723249
100.4123823, 13.8741922
100.4101122, 13.869425
100.4123866, 13.8740865
100.4086868, 13.8724814
100.4096717, 13.8743253
100.4124902, 13.8739865
100.4150541, 13.8743909
100.4098661, 13.8774692
100.4115839, 13.8743887
100.4347629, 13.8756613
100.4347626, 13.8760429
100.4329521, 13.8759019
100.4329947, 13.8755308
100.4510702, 13.8749241
100.4506752, 13.8830375
100.4511094, 13.8783716
100.4521786, 13.8761494
100.4510069, 13.8761354
100.4487822, 13.8770247
100.4506097, 13.8794051
100.4522742, 13.8753855
100.4503484, 13.8761667
100.4499453, 13.8774911
100.4509598, 13.8770791
100.4494714, 13.8770249
100.4514098, 13.8770431
100.4517102, 13.8746371
100.4520818, 13.8759649
100.4499667, 13.8761072
100.4511747, 13.8731433
100.4487874, 13.8766438
100.4540494, 13.8754393
100.4516111, 13.8732916
100.4509563, 13.8800658
100.4523843, 13.8769435
100.4500119, 13.8938043
100.4501954, 13.8934961
100.4498016, 13.9020751
100.4496491, 13.9020461
100.4524773, 13.9295113
100.4862417, 13.9208052
100.4844138, 13.9210678
100.4845792, 13.9213918
100.4862369, 13.9210416
100.4886166, 13.9201255
100.4878788, 13.9204627
100.4914363, 13.9182946
100.4916514, 13.9185683
100.4876913, 13.9207247
100.4885084, 13.920516
100.4285938, 13.9440718
100.4295401, 13.9445266
100.4365777, 13.9466761
100.4353585, 13.9461199
100.420865, 13.9450161
100.4244837, 13.9426167
100.5402923, 13.9664024
100.5402292, 13.9665467
100.5506451, 13.9622988
100.5505603, 13.967035
100.5510856, 13.9680425
100.5508305, 13.9676425
100.5505648, 13.966793
100.5508359, 13.9667922
100.5508282, 13.9663681
100.5505615, 13.9663464
100.55035, 13.9680197
100.5505743, 13.9683662
100.550665, 13.9701287
100.5505899, 13.9710109
100.551829, 13.9725572
100.554963, 13.9692684
100.5507695, 13.9730917
100.5538003, 13.9704342
100.5526617, 13.9685606
100.5512118, 13.9680716
100.5529259, 13.9687499
100.5507724, 13.9720887
100.5507772, 13.9719152
100.5511672, 13.9681834
100.5929995, 13.9817452
100.5932167, 13.981772
100.592618, 13.9839633
100.5929072, 13.9834328
100.5926585, 13.9836694
100.5919224, 13.9841828
100.592224, 13.9845358
100.588106, 13.9854963
100.6708608, 13.5181206
100.6708385, 13.517976
100.6745463, 13.5172834
100.6745238, 13.5171609
100.6586467, 13.5208417
100.6586084, 13.520675
100.6067091, 13.5814611
100.6068491, 13.5813934
100.6393938, 13.5258443
100.639315, 13.5257426
100.6761247, 13.8137428
100.6765015, 13.8131374
100.5813768, 13.8493855
100.5812373, 13.849463
100.4578093, 13.7212452
100.4833654, 13.6885517
100.4868, 13.6861728
100.6416837, 13.7384634
100.6355733, 13.7425625
100.5383553, 13.7969647
100.5385128, 13.7971908
100.4501112, 13.8042829
100.4503167, 13.7995291
100.4708137, 13.7124302
100.4708166, 13.7127435
100.4709764, 13.7127471
100.5752611, 13.8399768
100.5751652, 13.8397787
100.5124999, 13.8604936
100.5071026, 13.8609434
100.5063997, 13.8610565
100.4662794, 13.8227707
100.466778, 13.8228212
100.4664249, 13.8225905
100.4655485, 13.8226012
100.4805507, 13.8705783
100.4799146, 13.8708431
100.4720227, 13.8701901
100.4746795, 13.8701108
100.4678844, 13.8703554
100.4684705, 13.8703678
100.4871939, 13.8695165
100.4867548, 13.8696418
100.4684559, 13.8700933
100.4676545, 13.8701034
100.4496618, 13.8779321
100.4505348, 13.8828463
100.7969663, 14.0433302
100.7969237, 14.0434529
100.7535607, 14.0281835
100.7535121, 14.0282938
100.7881729, 14.0402839
100.7881233, 14.0404233
100.5260202, 13.7616046
100.5257219, 13.761529
100.5254594, 13.7613291
100.5256933, 13.7614561
100.5255424, 13.7615418
100.5253609, 13.761894
100.5259397, 13.7620299
100.5260405, 13.7617284
100.5254188, 13.7619914
100.5257606, 13.7620838
100.5060409, 13.7564866
100.5063302, 13.7566111
100.6455198, 13.6710147
100.4868204, 13.7670165
100.4861456, 13.7674861
100.4878996, 13.7660203
100.4887622, 13.7652793
100.4562324, 13.9272675
100.4491918, 13.9489253
100.4476294, 13.9485087
100.5640754, 13.7344707
100.5640113, 13.7344017
100.5793892, 13.7235547
100.5794645, 13.723669
100.5078177, 13.7202353
100.5082001, 13.7187843
100.5548357, 13.7603997
100.5548724, 13.760564
100.5483695, 13.7636933
100.5484801, 13.7638778
100.5754334, 13.8399011
100.5755731, 13.8395196
100.5679171, 13.8268276
100.5678433, 13.8270306
100.5682004, 13.8272061
100.5683674, 13.8269997
100.5384901, 13.79666
100.5579861, 13.8312904
100.5579499, 13.8306836
100.5610728, 13.8303888
100.5569978, 13.8304261
100.5523613, 13.8301714
100.4966967, 13.8648358
100.4971069, 13.8645511
100.5204257, 13.8593642
100.5203841, 13.8590811
100.4649748, 13.8711465
100.4654262, 13.8709035
100.5007929, 13.8626955
100.5002007, 13.8630088
100.4983396, 13.8637596
100.4975893, 13.8640212
100.5126471, 13.8604662
100.5128248, 13.860332
100.4650403, 13.8708401
100.4642278, 13.8709919
100.574061, 13.7894248
100.5742762, 13.7894069
100.5735176, 13.7781563
100.5737265, 13.7781665
100.5743082, 13.7900711
100.5740929, 13.7900997
100.5745385, 13.8055933
100.5748403, 13.8058539
100.5737599, 13.7787993
100.5735429, 13.7788046
100.5647893, 13.7555534
100.5643952, 13.7560283
100.56563, 13.7559475
100.5649424, 13.7555653
100.5777817, 13.7551931
100.5777719, 13.7550238
100.5753188, 13.7554399
100.5764276, 13.7552806
100.6051066, 13.7477122
100.6057817, 13.7478312
100.6070937, 13.7490057
100.6076579, 13.7496034
100.6049949, 13.7476632
100.6001878, 13.7493468
100.6001033, 13.7491476
100.605911, 13.7476897
100.6061038, 13.7472726
100.5838265, 13.7545491
100.5839683, 13.7547593
100.6370516, 13.7425486
100.6376793, 13.7425306
100.5854819, 13.7542961
100.586003, 13.7539586
100.594272, 13.7510671
100.5933101, 13.7511767
100.5232068, 13.7563136
100.5235154, 13.7564166
100.5297017, 13.7686983
100.5297538, 13.7688258
100.5525187, 13.7229213
100.5525581, 13.7227789
100.5587896, 13.7203918
100.5590524, 13.7204818
100.5593249, 13.7200355
100.559073, 13.7199074
100.5592552, 13.7203972
100.559371, 13.7201682
100.5588752, 13.7200006
100.5587931, 13.7202199
100.5562834, 13.7157758
100.5565067, 13.7161322
100.559146, 13.8307665
100.5593302, 13.8308659
100.5577024, 13.8312316
100.5580352, 13.8306789
100.5447086, 13.704354
100.5444386, 13.7045336
100.5545463, 13.7136396
100.5542958, 13.7138469
100.5538553, 13.7127625
100.5537486, 13.7128162
100.5535897, 13.7126516
100.5533181, 13.7128378
100.5430683, 13.7034952
100.543384, 13.7032884
100.5364471, 13.729504
100.5365793, 13.7296794
100.5306267, 13.7458882
100.5307631, 13.7458647
100.560439, 13.8151957
100.5604819, 13.8142347
100.5802537, 13.802397
100.5802005, 13.80231
100.5040313, 13.721015
100.5057192, 13.7213077
100.4982261, 13.7211739
100.4989558, 13.7213044
100.6478553, 13.766294
100.6478018, 13.7664523
100.6527114, 13.7700907
100.6519988, 13.7692679
100.6501963, 13.7676084
100.6510204, 13.7683551
100.6392245, 13.7694464
100.6404536, 13.7687212
100.6404135, 13.7686548
100.6419696, 13.7679277
100.6418832, 13.7677568
100.5285728, 13.8282757
100.5284561, 13.8281781
100.5445798, 13.7263383
100.5444744, 13.7261488
100.5293687, 13.7364246
100.5292525, 13.7364464
100.5389952, 13.9005559
100.5390723, 13.9007778
100.5236731, 13.7562558
100.5236791, 13.7561304
100.534617, 13.7582129
100.5348165, 13.7579068
100.5347464, 13.7577028
100.5342076, 13.7574773
100.5340424, 13.7581756
100.5345049, 13.758315
100.5341092, 13.7576198
100.5339812, 13.7579719
100.5420853, 13.7561668
100.5424229, 13.756368
100.554964, 13.7603444
100.6218917, 13.9523455
100.6209113, 13.9547299
100.6207501, 13.9557948
100.6220137, 13.9533542
100.6217607, 13.9534847
100.61742, 13.9870069
100.6151284, 13.9901032
100.6150386, 13.9925842
100.6111954, 13.9876286
100.6148298, 13.9918671
100.6146772, 13.9922584
100.6210584, 13.985297
100.6142456, 13.9881253
100.6105279, 13.9874822
100.6220267, 13.9525492
100.6128246, 13.9877949
100.6147964, 13.9922603
100.6207673, 13.9574941
100.6223396, 13.9511331
100.6150429, 13.9943968
100.616659, 13.9833107
100.4958467, 13.7578947
100.5512873, 13.7980359
100.5507239, 13.797691
100.5508211, 13.7975254
100.5509224, 13.7974382
100.5510535, 13.797397
100.5513609, 13.7982216
100.5510229, 13.7980496
100.5505914, 13.7964791
100.5511912, 13.7978674
100.5589776, 13.811764
100.5600715, 13.8136106
100.5597099, 13.8118543
100.5590336, 13.8117662
100.5598096, 13.8123408
100.5592858, 13.8120546
100.55969, 13.8120341
100.4619523, 13.9262053
100.4527672, 13.9256091
100.5055714, 13.9072343
100.5055737, 13.9074632
100.4549704, 13.9342206
100.6394679, 13.7691393
100.5729278, 13.8886622
100.5729874, 13.8888624
100.5136933, 13.9159737
100.5137697, 13.9158946
100.5277667, 13.9277067
100.5278374, 13.9276245
100.6136648, 13.86504
100.6136737, 13.8648278
100.6148125, 13.8642175
100.6149443, 13.8643557
100.5807864, 13.8848425
100.5806505, 13.8846322
100.5757835, 13.8398497
100.5754434, 13.8396122
100.6029599, 13.9860644
100.602932, 13.9864384
100.6145847, 13.9883473
100.6195595, 13.9851004
100.5118949, 13.7680831
100.5116055, 13.7679063
100.5112549, 13.7680632
100.5112088, 13.7682566
100.5113673, 13.7678524
100.508084, 13.7613401
100.5082649, 13.7612614
100.5084425, 13.76164
100.508645, 13.7615552
100.5066391, 13.7582532
100.5070114, 13.758087
100.5055049, 13.7559698
100.5052751, 13.7556423
100.488825, 13.771456
100.488093, 13.7708466
100.5074773, 13.7600469
100.507655, 13.75996
100.4880471, 13.770899
100.4887075, 13.7716744
100.4921383, 13.7722309
100.4928122, 13.771604
100.4925133, 13.7715207
100.4919883, 13.7720267
100.4869241, 13.7696966
100.4866259, 13.7691657
100.4869051, 13.769766
100.4865621, 13.7694787
100.4943211, 13.7703738
100.4944239, 13.7704804
100.5098324, 13.7641199
100.5094636, 13.7638177
100.6067771, 13.6730495
100.6065945, 13.6731107
100.5873049, 13.8592433
100.5872573, 13.8597418
100.4901034, 13.76356
100.4895792, 13.763199
100.5198141, 13.7189068
100.5199244, 13.7187174
100.5225839, 13.7194937
100.5225161, 13.7197156
100.5279608, 13.7210918
100.5278321, 13.7212692
100.5277119, 13.721232
100.5277833, 13.7210328
100.6066395, 13.6732325
100.6068347, 13.6731866
100.4722319, 13.7125012
100.4722373, 13.7122416
100.4728531, 13.7122646
100.4727783, 13.7125501
100.5439582, 13.7260692
100.4781749, 13.715396
100.4768796, 13.7144647
100.4786919, 13.71552
100.4785, 13.7158313
100.5569289, 13.8358545
100.5149724, 13.8174557
100.5461074, 13.7046012
100.5463699, 13.7049802
100.5445977, 13.7047012
100.5471244, 13.7064822
100.5473044, 13.7065669
100.5609741, 13.7367103
100.5613536, 13.7368597
100.5616404, 13.7360455
100.5613058, 13.7359727
100.5673943, 13.8274852
100.5673527, 13.8272778
100.5398095, 13.8302294
100.5398086, 13.830458
100.5751275, 13.8066741
100.5748679, 13.8066847
100.5747703, 13.804094
100.5749954, 13.8040891
100.5691861, 13.8263498
100.5692853, 13.826547
100.5596917, 13.7216553
100.5594857, 13.7217253
100.53826, 13.8305915
100.5382497, 13.8303896
100.5487564, 13.8302297
100.5487821, 13.8298964
100.5581524, 13.8273256
100.5156527, 13.8162647
100.5619084, 13.8472119
100.5620257, 13.847412
100.5477252, 13.7641359
100.5476548, 13.763934
100.5030086, 13.7207895
100.50215, 13.7206608
100.6436687, 13.6620521
100.5459349, 13.7834684
100.5460377, 13.7834373
100.5465566, 13.7851816
100.5466597, 13.7851497
100.4417159, 13.7141912
100.4416783, 13.714318
100.4414407, 13.7142386
100.4415064, 13.714123
100.5473956, 13.9505436
100.5472895, 13.9505961
100.5447185, 13.945701
100.5448197, 13.945653
100.5164889, 13.8734447
100.5166109, 13.8734859
100.4286525, 13.7123352
100.4286417, 13.7124753
100.428415, 13.7124547
100.4284295, 13.7123068
100.5315918, 13.6947207
100.5318798, 13.6949747
100.5460945, 13.7037383
100.5458821, 13.7037595
100.5337127, 13.6950053
100.5334967, 13.6955204
100.5325056, 13.6950748
100.5327286, 13.6945959
100.5212008, 13.6865005
100.5207813, 13.6867484
100.5479779, 13.6862398
100.5476704, 13.68621
100.5478021, 13.684464
100.5480791, 13.6844942
100.5468512, 13.6960779
100.5465501, 13.6959878
100.5463153, 13.6958978
100.5468908, 13.6947761
100.5471803, 13.6948383
100.5197388, 13.6864042
100.5196147, 13.6861448
100.5475925, 13.6800499
100.5473061, 13.6801294
100.5461105, 13.6956312
100.5467338, 13.6785786
100.5469802, 13.6784829
100.5295468, 13.6783718
100.5297469, 13.6785962
100.5285975, 13.6797178
100.5283958, 13.6795019
100.5210905, 13.6851881
100.5212398, 13.6854133
100.4974638, 13.6965432
100.4976484, 13.6966937
100.4842011, 13.7058202
100.4881563, 13.7033622
100.4887147, 13.7034397
100.48498, 13.7052327
100.4848903, 13.7050603
100.4738011, 13.7294321
100.4739537, 13.7296748
100.4740926, 13.7297133
100.4744234, 13.7295311
100.4748044, 13.7292441
100.4744991, 13.7289471
100.4745436, 13.728438
100.4747081, 13.7285149
100.4742687, 13.7290595
100.4739062, 13.729215
100.4736165, 13.7307322
100.4734471, 13.7306462
100.4563559, 13.9505247
100.4654084, 13.9520277
100.4648598, 13.9516025
100.4716264, 13.9527952
100.4721372, 13.9530532
100.5098487, 13.8091912
100.5099727, 13.8091799
100.5097376, 13.8096107
100.5097605, 13.8094743
100.5108909, 13.8099882
100.4489905, 13.793014
100.4499604, 13.7977436
100.4559371, 13.9499613
100.4458751, 13.7531029
100.4462926, 13.7531927
100.4499312, 13.7994923
100.4564007, 13.93736
100.4565738, 13.9373872
100.4431927, 13.7770967
100.4420516, 13.7797089
100.4479239, 13.8275095
100.4483084, 13.8275528
100.4595558, 13.9437221
100.4594061, 13.9438939
100.4436942, 13.7755259
100.4432992, 13.7761027
100.4711966, 13.7123348
100.4435656, 13.7760515
100.4475843, 13.7467481
100.4476054, 13.7473439
100.4986016, 13.7207625
100.497824, 13.7209312
100.4473094, 13.7489708
100.4475392, 13.7486463
100.4867508, 13.7192089
100.4859454, 13.7191177
100.4857202, 13.7193034
100.4871267, 13.7197606
100.5028503, 13.7212124
100.503401, 13.7210368
100.4473936, 13.7429484
100.4473473, 13.7433081
100.4711994, 13.7128028
100.4713195, 13.7125802
100.4961544, 13.720966
100.4944481, 13.7208268
100.5086305, 13.7203021
100.4477382, 13.7432405
100.4475454, 13.7428715
100.4514732, 13.8697163
100.4515221, 13.8703945
100.4908828, 13.7202535
100.4906139, 13.7204268
100.4590849, 13.717546
100.4746212, 13.7131619
100.4914815, 13.7214384
100.4917961, 13.7211046
100.4773397, 13.7153084
100.4497482, 13.8021625
100.4580487, 13.7213562
100.4578185, 13.7212049
100.4503374, 13.7977503
100.4497659, 13.7947061
100.4609857, 13.9507906
100.4690517, 13.7130108
100.4692085, 13.713431
100.4499443, 13.797453
100.4503124, 13.7974404
100.445427, 13.9486229
100.4476661, 13.9489904
100.4491525, 13.9491341
100.4450795, 13.9481115
100.4476953, 13.9488759
100.4475923, 13.9486478
100.4621389, 13.9260112
100.4577296, 13.9267717
100.4840251, 13.9547519
100.482163, 13.954449
100.4819402, 13.9548994
100.4837294, 13.9551877
100.4791249, 13.954394
100.480894, 13.9546956
100.477759, 13.9540325
100.4791726, 13.9539151
100.4776648, 13.953809
100.485252, 13.9551011
100.4851983, 13.9552778
100.4810345, 13.9542577
100.4791459, 13.9542524
100.4791444, 13.9540573
100.483994, 13.9548921
100.48377, 13.9550451
100.4760934, 13.9231867
100.4768747, 13.922878
100.5060291, 13.9584904
100.5025618, 13.9578919
100.5090231, 13.9588025
100.5081342, 13.9586717
100.5021002, 13.9583198
100.5059186, 13.9589651
100.5080941, 13.9591819
100.5089963, 13.9589961
100.5014618, 13.9580608
100.5019197, 13.9579447
100.5021174, 13.9581611
100.5024969, 13.9580381
100.4436403, 13.9478217
100.4416409, 13.947471
100.4398705, 13.9473516
100.4437758, 13.9483469
100.4416593, 13.9476496
100.4417476, 13.9478253
100.3850501, 14.0304132
100.3836438, 14.0301656
100.3838125, 14.0305786
100.3837785, 14.0301641
100.6590463, 13.8308655
100.659154, 13.8308214
100.6503137, 13.8101482
100.6503824, 13.8098513
100.6555978, 13.8224311
100.655482, 13.8224971
100.6622645, 13.8382733
100.6622117, 13.8385656
100.6502711, 13.8094973
100.6499775, 13.8094297
100.6626463, 13.8382735
100.6623426, 13.8381927
100.6505079, 13.8097209
100.6626698, 13.8382562
100.6628403, 13.838453
100.6622292, 13.8388595
100.6620833, 13.8386373
100.6511825, 13.7894846
100.6512491, 13.7894274
100.6475795, 13.7840383
100.6475149, 13.7841402
100.6449802, 13.7760232
100.6450728, 13.7761406
100.649805, 13.7874655
100.6498856, 13.7873978
100.5349675, 13.9335551
100.5348921, 13.9336428
100.593009, 13.750829
100.5917894, 13.7518707
100.5761365, 13.8408008
100.5762892, 13.8407053
100.5831024, 13.852667
100.5832549, 13.8526144
100.4314622, 13.9452302
100.4318736, 13.9448842
100.4333512, 13.945412
100.4330679, 13.945804
100.4186192, 13.9383257
100.4180683, 13.9375513
100.4351349, 13.9465317
100.4365305, 13.9468422
100.4298053, 13.9441365
100.4287736, 13.9439075
100.4353203, 13.9462575
100.4351753, 13.9464313
100.4297472, 13.9442634
100.4295735, 13.9444265
100.4140805, 13.9247701
100.4139774, 13.9250435
100.4170975, 13.8743105
100.4165837, 13.8743985
100.4222896, 13.8748125
100.4216288, 13.8746532
100.4209624, 13.8749851
100.4216293, 13.8749358
100.4179605, 13.8746232
100.4186166, 13.8748007
100.4268803, 13.8750535
100.4268314, 13.8754087
100.4277688, 13.8753484
100.4286193, 13.8755471
100.4287313, 13.8751922
100.4277717, 13.875219
100.4242516, 13.8752225
100.4242782, 13.8748611
100.5364231, 13.6958692
100.535996, 13.6958855
100.5208862, 13.757247
100.5202166, 13.7571137
100.5203139, 13.757406
100.6046002, 13.739203
100.6045089, 13.7394189
100.6046877, 13.7393526
100.6045277, 13.7392299
100.5935606, 13.7519412
100.593854, 13.7514362
100.6516128, 13.7640989
100.6512609, 13.7640498
100.6075292, 13.7494563
100.6077354, 13.749514
100.6244868, 13.760282
100.6246051, 13.7603613
100.6157556, 13.7576121
100.6157162, 13.7575093
100.637017, 13.7425547
100.6369636, 13.7422834
100.6215928, 13.860648
100.6216591, 13.8608027
100.5506663, 13.9735729
100.5957754, 13.7118719
100.5958741, 13.7119816
100.5508353, 13.9670742
100.5507756, 13.9623158
100.550553, 13.9676397
100.5503496, 13.9679083
100.6756167, 13.8262904
100.6750388, 13.8250606
100.6793934, 13.8224951
100.6709069, 13.8303343
100.7276148, 13.8186937
100.7276376, 13.8185395
100.7317391, 13.8189204
100.731708, 13.8190868
100.7000699, 13.7990565
100.7000192, 13.7991527
100.7051734, 13.8012376
100.7051448, 13.8013749
100.7164254, 13.8102146
100.7159128, 13.8092257
100.7172365, 13.8127813
100.7178565, 13.8129656
100.7172903, 13.8122896
100.7170482, 13.8125716
100.7148467, 13.799342
100.7149881, 13.7991295
100.7162415, 13.7997666
100.7161058, 13.7999713
100.718159, 13.8129466
100.7180168, 13.8130618
100.7179279, 13.8128713
100.6793891, 13.7800959
100.6792889, 13.7802543
100.5337296, 13.766916
100.5337354, 13.7670299
100.5009584, 13.740884
100.500292, 13.7415395
100.5436444, 13.8565209
100.5436142, 13.8562783
100.5462186, 13.8558559
100.5462654, 13.8561016
100.5482249, 13.7897851
100.5483365, 13.7897768
100.6029387, 13.8862847
100.6030296, 13.886097
100.6457409, 13.6659143
100.5529583, 13.742058
100.552923, 13.7422028
100.5307082, 13.930145
100.530778, 13.9300637
100.5307153, 13.9300101
100.5306425, 13.9300894
100.5292916, 13.965371
100.5299943, 13.9653771
100.5261109, 13.9644834
100.526352, 13.9646774
100.5264504, 13.9644647
100.5300055, 13.9652552
100.5293505, 13.9650511
100.5253957, 13.9643576
100.5254542, 13.964
100.5297341, 14.029913
100.5212995, 14.0297459
100.5212772, 14.0298609
100.5297319, 14.0300518
100.5377121, 14.0269092
100.5353518, 14.0291399
100.5354122, 14.0292412
100.5379778, 14.0271363
100.5258491, 14.0298413
100.5258269, 14.0301998
100.5248559, 14.0302093
100.5248628, 14.0298448
100.5752358, 13.8879182
100.5752655, 13.8876577
100.5695858, 13.8900487
100.5695897, 13.8898391
100.5764702, 13.887224
100.5763795, 13.8870391
100.5778755, 13.7143276
100.5779565, 13.714466
100.5065113, 13.9002118
100.5064017, 13.9001671
100.4126374, 13.8207693
100.4160385, 13.8224121
100.3837005, 14.0305696
100.3850694, 14.0306172
100.6303977, 13.7366734
100.629158, 13.7367035
100.7278725, 13.8076163
100.727902, 13.8074351
100.7329877, 13.8102154
100.7329169, 13.8103666
100.7374157, 13.8125968
100.7373119, 13.812807
100.7361467, 13.8121794
100.7362776, 13.8119837
100.6838191, 13.9993374
100.6837805, 13.9994833
100.519228, 13.7231935
100.5192488, 13.7230495
100.5205466, 13.7236854
100.5205743, 13.7235423
100.5239185, 13.7248834
100.5240308, 13.7248041
100.5215731, 13.7240587
100.521827, 13.7241508
100.5554613, 13.8950646
100.5553472, 13.8948242
100.5528447, 13.8956968
100.5529267, 13.8959446
100.5297035, 13.7386774
100.5295753, 13.7386963
100.5603074, 13.7249747
100.5604483, 13.7249748
100.5565948, 13.8072131
100.556386, 13.8071117
100.532767, 13.9317284
100.5326968, 13.9318079
100.5613006, 13.7364722
100.6092732, 13.5882355
100.6094038, 13.5881892
100.5340933, 13.6951573
100.5339181, 13.6949111
100.5688783, 13.7645517
100.5690262, 13.7644359
100.5691575, 13.7645962
100.568964, 13.7647158
100.5654395, 13.7578167
100.5652649, 13.7578501
100.563049, 13.7563077
100.5630279, 13.7561365
100.5588197, 13.811953
100.5529203, 13.8300301
100.5426993, 13.7629905
100.5425823, 13.7628414
100.5441701, 13.7785511
100.5442884, 13.7785084
100.5454862, 13.7822317
100.5455862, 13.7821942
100.5431435, 13.7756616
100.5432606, 13.7756119
100.540563, 13.7691839
100.5406901, 13.769117
100.5464265, 13.7845077
100.5463265, 13.7845476
100.4197178, 14.0405462
100.4197832, 14.0406539
100.6156225, 13.7575911
100.6157498, 13.7574792
100.565688, 13.8229589
100.5657824, 13.8229238
100.5636454, 13.8195645
100.563766, 13.8194938
100.5337135, 13.7583083
100.5335875, 13.7581435
100.5417053, 13.7562609
100.5416247, 13.7560994
100.5348889, 13.7576757
100.5349487, 13.7578837
100.5321948, 13.7530288
100.5322423, 13.7531437
100.5805658, 13.7133242
100.5805494, 13.713168
100.4861751, 13.767935
100.4838001, 13.766293
100.4882746, 13.7656517
100.4888193, 13.7647629
100.4808594, 13.7722915
100.4810072, 13.7721602
100.4859851, 13.7679909
100.4853204, 13.7680276
100.4814693, 13.7740389
100.481254, 13.7738333
100.4823279, 13.7726837
100.4825705, 13.7728408
100.4827404, 13.7742276
100.4825813, 13.7743316
100.4846509, 13.767609
100.4852364, 13.7690378
100.4853349, 13.7693381
100.4866277, 13.7696132
100.4832538, 13.6980914
100.483386, 13.698047
100.5099735, 13.6894854
100.5099612, 13.6896261
100.5829628, 13.7212201
100.5828672, 13.7210908
100.5808444, 13.7225214
100.5809413, 13.7226577
100.5850022, 13.7195618
100.5850877, 13.7196815
100.5845013, 13.7201032
100.584419, 13.7199788
100.5755137, 13.7263739
100.5754597, 13.7263006
100.4514408, 13.9289879
100.4516595, 13.9279486
100.4545999, 13.9268821
100.4530688, 13.9247823
100.4540141, 13.9301465
100.4535066, 13.9297967
100.4527894, 13.926083
100.4482879, 13.9286841
100.4544857, 13.9268614
100.4504008, 13.9283579
100.4508459, 13.9285964
100.4395188, 13.9277211
100.4392405, 13.9272736
100.444335, 13.9293242
100.4449222, 13.9294645
100.4565678, 13.9274379
100.4428817, 13.9289168
100.4424276, 13.9286873
100.4422803, 13.9289394
100.4428467, 13.9290239
100.4447369, 13.9291624
100.4443453, 13.9292123
100.4524968, 13.9239429
100.4528025, 13.9253313
100.4388691, 13.9271337
100.435904, 13.9259224
100.4598968, 13.9266286
100.4542692, 13.9310724
100.4599147, 13.9264791
100.4529056, 13.9235676
100.4358526, 13.926033
100.4387512, 13.927397
100.4226381, 13.9224175
100.4249598, 13.922299
100.4453362, 13.929193
100.4249533, 13.9220281
100.4226231, 13.922292
100.453813, 13.9307362
100.4454012, 13.9295103
100.4489495, 13.9291378
100.4536312, 13.9258579
100.426443, 13.9221009
100.4264063, 13.9223728
100.4397116, 13.9274847
100.4396109, 13.9277625
100.4517788, 13.9185991
100.4533699, 13.9253091
100.4520204, 13.9206973
100.4310974, 13.9239374
100.431157, 13.9238418
100.4072556, 13.7552714
100.4061017, 13.7535478
100.4022925, 13.7536606
100.4030506, 13.7538197
100.4029084, 13.7541045
100.4045101, 13.754315
100.5819227, 13.7217648
100.5820193, 13.7218962
100.5088775, 13.6898173
100.5088433, 13.6895017
100.5631584, 13.7490617
100.5634003, 13.7492622
100.5636087, 13.7488381
100.5633177, 13.7486701
100.5630979, 13.748902
100.5635295, 13.7493338
100.5637303, 13.7489946
100.6709697, 13.7817134
100.6709072, 13.7817917
100.4898578, 13.7207026
100.4901491, 13.7203384
100.5400292, 13.798006
100.5399928, 13.7978632
100.4204032, 14.0408161
100.4205379, 14.0406153
100.4198705, 14.0404287
100.4197285, 14.0404713
100.5078563, 13.7598665
100.4934723, 13.6813887
100.6479334, 13.7664759
100.4989659, 13.7574114
100.4989432, 13.7571769
100.4813296, 13.7726063
100.481448, 13.7723835
100.5735301, 13.7784135
100.573742, 13.7784599
100.5742917, 13.78971
100.5740677, 13.7897297
100.6112329, 13.8329977
100.6112116, 13.8327912
100.5197548, 13.7186656
100.7054927, 13.7946278
100.7055813, 13.7944694
100.6754962, 13.7781863
100.6756102, 13.7780069
100.6726814, 13.7766223
100.6727823, 13.7764631
100.6574927, 13.8268412
100.6573885, 13.8268795
100.6691438, 13.8118312
100.6692386, 13.8116737
100.7043564, 13.8128239
100.7043564, 13.8126751
100.702924, 13.8128345
100.702924, 13.8126793
100.5603174, 13.734173
100.5604114, 13.7341163
100.6232624, 13.829137
100.6229909, 13.8296131
100.6236787, 13.8293529
100.6229561, 13.829767
100.6234242, 13.8299446
100.6237146, 13.8294591
100.5941621, 13.8418892
100.5949241, 13.8415824
100.5938927, 13.8419701
100.5939706, 13.8417212
100.4577037, 13.8245712
100.4584778, 13.8243486
100.4497826, 13.808432
100.4499156, 13.807894
100.4517204, 13.8652458
100.4516159, 13.8662308
100.4519832, 13.8651777
100.4518627, 13.8646106
100.449199, 13.8202759
100.4491525, 13.819773
100.4468877, 13.8379883
100.4470333, 13.8384914
100.4496777, 13.8070962
100.4495454, 13.8075697
100.4472489, 13.8387341
100.4472785, 13.8381077
100.4494299, 13.8155469
100.4495546, 13.8151081
100.4498568, 13.8031249
100.4497183, 13.8036116
100.44901, 13.8191105
100.4488561, 13.8196895
100.4491295, 13.8537204
100.4494732, 13.8543762
100.451645, 13.8711618
100.4518252, 13.8705157
100.4496206, 13.8543318
100.4495217, 13.8536248
100.4473494, 13.8348996
100.4473359, 13.8342999
100.4484568, 13.8436838
100.4482155, 13.8430131
100.4500642, 13.8048377
100.450005, 13.8042272
100.4487849, 13.8499908
100.4486113, 13.8492631
100.4472354, 13.8336438
100.4470824, 13.8342066
100.4477597, 13.8417473
100.4477793, 13.8422901
100.4493057, 13.8124599
100.449391, 13.8129445
100.5989181, 13.8398808
100.5988242, 13.8397116
100.5993713, 13.8394089
100.5994789, 13.8395646
100.4634642, 13.754677
100.4509123, 13.7529817
100.4056367, 13.7554627
100.4055583, 13.7519169
100.4033933, 13.7538177
100.4062658, 13.7545868
100.446061, 13.751979
100.4464286, 13.752058
100.4063102, 13.7568582
100.4099898, 13.7542504
100.4061067, 13.7528891
100.4082937, 13.7546676
100.4193474, 13.8224085
100.420047, 13.8225203
100.4306176, 13.8227214
100.4316745, 13.8226836
100.571075, 13.7294275
100.5711239, 13.7294957
100.5696793, 13.7303995
100.5697384, 13.7304694
100.5273508, 13.6380062
100.527182, 13.6379427
100.5246684, 13.6442683
100.5248028, 13.6443253
100.5319362, 13.6306509
100.5318065, 13.6305954
100.6454763, 13.7600505
100.6455893, 13.7600617
100.4551781, 13.7530633
100.4551856, 13.7533588
100.6401645, 13.7357854
100.6401449, 13.7356383
100.6289082, 13.7370195
100.6301903, 13.7368633
100.6272198, 13.7372521
100.6262826, 13.737083
100.5659896, 13.733023
100.5660248, 13.7330714
