100.5134277, 13.7633138
100.5155485, 13.7617192
100.5613006, 13.7364722
100.5613058, 13.7359727
100.5788345, 13.7551818
100.5894032, 13.7528503
100.5401384, 13.7444998
100.536139, 13.7452563
100.5450839, 13.7632832
100.54111, 13.7636584
100.559144, 13.7200982
100.5582639, 13.7176054
100.5415686, 13.8566111
100.5405646, 13.8567303
100.6787364, 13.5163523
100.7983722, 13.5111174
100.7421155, 13.8200352
100.7430435, 13.8194265
100.5095867, 13.7581678
100.5096313, 13.7564065
100.5061083, 13.7606117
100.5053075, 13.7611816
100.5383577, 13.7643362
100.5364954, 13.7615615
100.5015475, 13.7569618
100.5022016, 13.7568597
100.5050434, 13.7561759
100.5133767, 13.7191363
100.5168671, 13.7181976
100.5444744, 13.7261488
100.5188013, 13.7183862
100.5205402, 13.7572393
100.5165639, 13.7566612
100.5540476, 13.7135932
100.5567836, 13.7163616
100.5555206, 13.7147631
100.5521877, 13.7113864
100.5521034, 13.7114761
100.5550508, 13.714435
100.561345, 13.7362579
100.5561254, 13.7399954
100.5572088, 13.7166557
100.5580072, 13.7174636
100.5604508, 13.7245421
100.5601968, 13.7232507
100.5601053, 13.7232717
100.5602833, 13.724553
100.5568708, 13.7161138
100.5580679, 13.7177199
100.5571347, 13.716324
100.5599635, 13.7336177
100.5402295, 13.7446323
100.5423384, 13.7557017
100.5387363, 13.7568109
100.4896189, 13.7636016
100.4874486, 13.7662987
100.4896962, 13.7636567
100.4921575, 13.7604727
100.4920536, 13.7604402
100.4938908, 13.7583609
100.4937959, 13.7583729
100.4958467, 13.7578947
100.4989659, 13.7574114
100.5575077, 13.7575547
100.5649076, 13.7561794
100.5202817, 13.6857134
100.5351005, 13.6962389
100.5087399, 13.7519263
100.5094179, 13.7546197
100.5429811, 13.762858
100.5475351, 13.7641245
100.4993058, 13.7401483
100.5001563, 13.7413362
100.5044324, 13.7441563
100.5028274, 13.7418635
100.5646265, 13.7541334
100.5633385, 13.7487731
100.564493, 13.7541646
100.5648674, 13.7560003
100.5851926, 13.7543729
100.5834125, 13.7545061
100.5790651, 13.7549944
100.4060932, 13.710682
100.4661043, 13.7252072
100.6146188, 13.9880675
100.6099475, 13.9873621
100.536968, 14.028031
100.5407809, 14.0240836
100.499559, 13.7401504
100.4971871, 13.7370895
100.4965839, 13.7364764
100.4983492, 13.7682994
100.4954158, 13.7698233
100.4900981, 13.7727785
100.5961006, 13.7118176
100.5962684, 13.7116956
100.5983984, 13.7099984
100.5960136, 13.7117017
100.5016756, 13.8351091
100.4925539, 13.8310668
100.5042233, 13.7802694
100.500661, 13.7818645
100.5479186, 13.8299986
100.5389559, 13.8303157
100.5603166, 13.8304277
100.5529203, 13.8300301
100.5117677, 13.8113293
100.5125708, 13.8123862
100.4698193, 13.8223874
100.4674448, 13.8225023
100.5482266, 13.8548832
100.5656735, 14.0041182
100.5650087, 14.0046899
100.5535604, 13.9956607
100.5524617, 13.994853
100.6091407, 13.5647519
100.6135281, 13.5555258
100.4788868, 13.8705523
100.4739659, 13.8700527
100.5071634, 14.0254082
100.5235762, 14.0300878
100.5014618, 13.9580608
100.5045544, 13.9585389
100.4659464, 13.9520075
100.4696993, 13.9526355
100.5601785, 13.5995152
100.5609686, 13.5986543
100.5608571, 13.5985232
100.5600728, 13.5993845
100.5243798, 13.6449932
100.5242191, 13.6453967
100.5243418, 13.6454931
100.5245168, 13.645045
100.4846388, 13.7699176
100.4847175, 13.7700236
100.4900426, 13.7728382
100.4818567, 13.6935522
100.4816072, 13.6928053
100.4814332, 13.6928139
100.4816973, 13.6935462
100.4994845, 13.6944232
100.4981519, 13.6959326
100.4884891, 13.7029522
100.485657, 13.704639
100.498212, 13.6959826
100.4996981, 13.69447
100.7421204, 13.8198053
100.7307153, 13.8188209
100.6625529, 13.8386625
100.6793934, 13.8224951
100.6972947, 13.8128231
100.6976803, 13.8128265
100.6515102, 13.7688632
100.6516221, 13.7689787
100.5377429, 13.7647443
100.5375273, 13.7651336
100.5382593, 13.7655439
100.538693, 13.7658578
100.5386542, 13.79714
100.5391514, 13.7950427
100.5604226, 13.8138349
100.5630281, 13.8120211
100.5649307, 13.8108402
100.5601442, 13.8133547
100.5421269, 13.8995191
100.5403573, 13.9001663
100.5338268, 13.9025877
100.5355279, 13.9019518
100.5354984, 13.9018819
100.5404021, 13.9002269
100.542172, 13.8996416
100.5337403, 13.9024426
100.523074, 13.7562533
100.5202633, 13.75712
100.5207652, 13.7479664
100.5217945, 13.7511252
100.5191, 13.7585308
100.5223402, 13.7565847
100.522654, 13.7565188
100.5206391, 13.7573905
100.5209169, 13.7572307
100.5388439, 13.7650585
100.543024, 13.762633
100.5424232, 13.7629164
100.5407752, 13.7637751
100.5457448, 13.7634083
100.5698226, 13.7556185
100.5451269, 13.7634083
100.547596, 13.7640397
100.5485058, 13.7637729
100.5504226, 13.7627413
100.5313744, 13.759338
100.5321324, 13.7589539
100.5356392, 13.7576456
100.5369724, 13.7573618
100.5369509, 13.7572338
100.5356271, 13.7575648
100.5321067, 13.7588923
100.5313064, 13.7592201
100.5334114, 13.752669
100.5341429, 13.7524013
100.5301306, 13.7538311
100.529365, 13.7541056
100.572171, 13.8416332
100.5752056, 13.8399095
100.5759928, 13.8397872
100.5789094, 13.8404116
100.5796205, 13.8405472
100.5961693, 13.8747136
100.5973194, 13.8766634
100.5945817, 13.8721386
100.5973966, 13.8766301
100.596235, 13.8746599
100.5986362, 13.8785577
100.5984514, 13.8786721
100.5582928, 13.8493805
100.5586781, 13.8491453
100.5639616, 13.8462489
100.5643833, 13.8460121
100.5649833, 13.8455359
100.5639035, 13.8461585
100.558613, 13.8490504
100.5581955, 13.8492609
100.5646504, 13.8286377
100.5603477, 13.8305263
100.5610728, 13.8303888
100.5479165, 13.8301215
100.5553339, 13.8302021
100.5462638, 13.830136
100.5487564, 13.8302297
100.5419507, 13.8300712
100.5410242, 13.8301982
100.5365478, 13.8305872
100.5355331, 13.8306378
100.5421467, 13.8302597
100.5410373, 13.8302933
100.5365513, 13.8306631
100.5355834, 13.830787
100.5776085, 13.8865867
100.5788438, 13.8858424
100.5846293, 13.8824761
100.5840089, 13.8829013
100.5809973, 13.8845532
100.5840474, 13.8829626
100.5847708, 13.8825738
100.578793, 13.8857591
100.5775335, 13.8864064
100.505954, 13.7562319
100.5058679, 13.7561696
100.6222058, 13.9506147
100.6217116, 13.9534464
100.5286937, 13.7329668
100.5305377, 13.7452536
100.5328025, 13.7458692
100.5306619, 13.7461692
100.5500778, 13.7429314
100.5506179, 13.742823
100.5506907, 13.7426601
100.5474244, 13.7432617
100.5311889, 13.749004
100.531249, 13.7493875
100.5309486, 13.74742
100.5309028, 13.7467689
100.5359334, 13.7452955
100.5260375, 13.7340263
100.5262015, 13.7339082
100.5330944, 13.7311285
100.5261674, 13.7338298
100.5255097, 13.7340535
100.539342, 13.7283873
100.5330919, 13.7309843
100.530198, 13.7323528
100.5311718, 13.7318873
100.532073, 13.7314454
100.5311203, 13.7318456
100.5300935, 13.7321629
100.532095, 13.7315036
100.5393858, 13.7284521
100.5397548, 13.728352
100.5396584, 13.7281708
100.724763, 14.016038
100.7101741, 14.0097934
100.6195595, 13.9851004
100.6200058, 13.9851994
100.5402693, 13.7444787
100.7177506, 13.812603
100.7123465, 13.8052471
100.5504489, 14.0158858
100.5581345, 14.031206
100.5461105, 13.6956312
100.5278615, 13.7262931
100.5192488, 13.7230495
100.5198141, 13.7189068
100.5166264, 13.7222196
100.5177783, 13.718389
100.5179744, 13.7183881
100.4661701, 13.7251133
100.4082726, 13.7106502
100.4675556, 13.7258715
100.4675068, 13.7259543
100.4714917, 13.7281322
100.4860341, 13.7274142
100.4847968, 13.7276201
100.4847931, 13.7277386
100.4860549, 13.7275326
100.4924398, 13.7266017
100.4799921, 13.8706646
100.4738128, 13.8701321
100.4738238, 13.8702607
100.4799732, 13.8707801
100.5468086, 13.7054511
100.5465292, 13.7050519
100.5352748, 13.6954304
100.5322444, 13.6942532
100.6447213, 13.6673563
100.6440358, 13.6637956
100.6438768, 13.6638677
100.6445985, 13.6673986
100.4934637, 13.7269353
100.5293119, 13.9652613
100.5314775, 13.965558
100.5150507, 13.9595202
100.5119506, 13.9587082
100.5165077, 13.9601537
100.5249557, 13.9639551
100.5192454, 13.9613788
100.5166737, 13.9603853
100.5191824, 13.9615233
100.5148232, 13.9595408
100.5371411, 13.9660699
100.5314915, 13.9654444
100.5249157, 13.9640948
100.5264504, 13.9644647
100.5116953, 13.9588193
100.5371352, 13.966185
100.5406954, 14.0240012
100.5368604, 14.0279314
100.5271975, 14.0299484
100.5271971, 14.0300783
100.5235701, 14.0299578
100.5078949, 14.0247987
100.5535022, 13.9957388
100.554665, 14.0045911
100.5524108, 13.994932
100.5553978, 14.0013324
100.5650194, 14.0050097
100.5658605, 14.0042755
100.6008435, 13.985967
100.6045544, 13.9866172
100.6101901, 13.9875681
100.6117983, 13.9878584
100.6045919, 13.9864094
100.6008984, 13.9857974
100.6000147, 13.985624
100.6058348, 13.9866246
100.5386558, 13.7645065
100.3525749, 14.0293304
100.3540513, 14.0286786
100.4625387, 14.0481106
100.3622035, 14.0289237
100.3537375, 14.0277659
100.3621974, 14.0290983
100.3827371, 14.0303934
100.5972531, 13.7419464
100.6003981, 13.7412357
100.609189, 13.7374832
100.6084001, 13.7378026
100.6025066, 13.7399812
100.6003786, 13.741158
100.604835, 13.7392335
100.6065312, 13.7386062
100.6007506, 13.7408638
100.5992059, 13.7413861
100.459214, 13.950668
100.4531012, 13.9495799
100.460856, 13.9511347
100.3541581, 14.0283833
100.3520592, 14.0282811
100.6879215, 14.0004624
100.7096612, 14.0097424
100.6873507, 14.0002852
100.6430172, 13.9903537
100.6638342, 13.9951301
100.6214446, 13.9855484
100.6643443, 13.9952457
100.642297, 13.9901952
100.6430134, 13.9902193
100.6422849, 13.9900589
100.6200315, 13.9850033
100.617204, 13.9842824
100.6873402, 14.0001406
100.6643738, 13.9951017
100.6214684, 13.9854156
100.6638534, 13.9949909
100.6879196, 14.0003206
100.5435692, 13.7496022
100.5388191, 13.7507215
100.5433568, 13.7496352
100.6965557, 13.7975345
100.687955, 13.7938533
100.5089937, 13.8609487
100.5143481, 13.8602437
100.5250385, 13.8586124
100.5182241, 13.8594631
100.5182352, 13.8595377
100.5250471, 13.8586918
100.5169464, 13.8598182
100.5149561, 13.8601087
100.4816641, 13.8706804
100.4805507, 13.8705783
100.4810572, 13.8709152
100.4823488, 13.8709791
100.486098, 13.8703084
100.4946403, 13.8659179
100.743618, 13.8180442
100.7428712, 13.8193264
100.7287409, 13.81864
100.7179386, 13.8127612
100.4934417, 13.7208982
100.4891087, 13.7201247
100.4601856, 13.715599
100.4589639, 13.7170473
100.492394, 13.7261833
100.4926791, 13.7269008
100.4772083, 13.7290035
100.4715462, 13.728047
100.4577532, 13.7219316
100.4578444, 13.7219237
100.4590907, 13.7170946
100.4670396, 13.7141583
100.4806912, 13.717043
100.4840778, 13.7188007
100.4679457, 13.7138228
100.4696971, 13.7131842
100.4808127, 13.7167749
100.4670567, 13.7139825
100.4710797, 13.712493
100.4696854, 13.7128665
100.4678427, 13.7136562
100.4572683, 13.7237015
100.4574892, 13.720675
100.4571399, 13.7236706
100.4457676, 13.7555579
100.4460721, 13.754417
100.4575302, 13.7237646
100.4585822, 13.7211634
100.4574051, 13.7237345
100.4573394, 13.723911
100.4571934, 13.7238783
100.4532918, 13.7284168
100.4570588, 13.7238482
100.457472, 13.7239407
100.4531345, 13.7284037
100.4483951, 13.7353724
100.4485453, 13.7350181
100.447315, 13.740599
100.4473319, 13.7400401
100.4485292, 13.7353724
100.4486526, 13.7350806
100.4479654, 13.7365272
100.4473754, 13.7393677
100.4489661, 13.7343029
100.453297, 13.7286547
100.4478661, 13.7446333
100.4477991, 13.7441456
100.4474962, 13.7372976
100.4470701, 13.7400571
100.4529045, 13.7286461
100.4482465, 13.7349813
100.4530539, 13.7286643
100.4483683, 13.7350129
100.4535552, 13.7283941
100.4482396, 13.7353359
100.4478281, 13.7364906
100.4472342, 13.7393492
100.4534983, 13.728617
100.4537195, 13.7283865
100.4545983, 13.727379
100.4481111, 13.7353255
100.4470513, 13.7406076
100.447502, 13.7442149
100.4471559, 13.740599
100.4476296, 13.7441907
100.4471667, 13.7400571
100.4474403, 13.7405834
100.4474617, 13.7400414
100.4477076, 13.744649
100.446495, 13.7508447
100.4479202, 13.7441261
100.4479948, 13.7446166
100.4475743, 13.7446734
100.4461925, 13.8243767
100.4506145, 13.824652
100.4506171, 13.8245164
100.4462134, 13.8242375
100.4674713, 13.8226383
100.4698241, 13.8225353
100.4925134, 13.8311856
100.5016649, 13.8352185
100.5917301, 13.841836
100.6112329, 13.8329977
100.5893883, 13.8414411
100.5917638, 13.8417016
100.58941, 13.8412566
100.5751751, 13.83985
100.5720818, 13.8415353
100.579662, 13.8403921
100.5760181, 13.8397017
100.4845047, 13.6876996
100.490541, 13.6833892
100.5754434, 13.8396122
100.4913378, 13.7210345
100.4932364, 13.7212878
100.648564, 13.5230948
100.6133812, 13.555457
100.609019, 13.5918139
100.6082479, 13.5665997
100.4605564, 14.0491368
100.4594729, 14.0498995
100.4626036, 14.0482488
100.446591, 13.9486803
100.4497727, 13.8998209
100.4564007, 13.93736
100.442795, 13.948014
100.4526109, 13.9497488
100.4563559, 13.9505247
100.4466321, 13.9484856
100.4427276, 13.9478269
100.4342596, 13.9458895
100.4797121, 13.9221843
100.484263, 13.9213278
100.4842386, 13.921207
100.4796834, 13.9220548
100.7438131, 13.8181628
100.7981648, 13.8107986
100.4458575, 13.753931
100.4454289, 13.7564618
100.4466465, 13.7508593
100.4460145, 13.7539256
100.4439617, 13.7721638
100.4455069, 13.7570871
100.4436738, 13.7746284
100.4435097, 13.7746098
100.4430271, 13.7785927
100.4437897, 13.7721481
100.4437006, 13.7845564
100.4452314, 13.7870291
100.4818418, 13.7731958
100.4817305, 13.7733202
100.4429718, 13.7813806
100.443209, 13.7786018
100.4427776, 13.7813913
100.4453943, 13.7869215
100.4438238, 13.7844971
100.4500124, 13.79683
100.4979878, 13.7831531
100.4997959, 13.7823398
100.4979287, 13.7830075
100.4952822, 13.7841442
100.4681206, 13.7873703
100.4650688, 13.7866205
100.4647419, 13.7866785
100.4680179, 13.7875393
100.4799609, 13.7756178
100.645352, 13.6711199
100.646702, 13.7004648
100.646164, 13.677705
100.6410637, 13.736098
100.6455401, 13.7627818
100.646029, 13.7026532
100.6438101, 13.7123027
100.6428256, 13.717091
100.6433054, 13.715066
100.6461995, 13.7026759
100.6462426, 13.7024952
100.6419322, 13.724581
100.6419416, 13.7244086
100.6434374, 13.7137805
100.6433888, 13.713988
100.6411176, 13.7329549
100.6410798, 13.7333387
100.6412518, 13.7334356
100.6412818, 13.733081
100.6435532, 13.7140258
100.6435946, 13.7138159
100.6417554, 13.7243944
100.6417396, 13.724586
100.6460743, 13.7024528
100.6431276, 13.7150345
100.6426669, 13.7170602
100.6465405, 13.7004364
100.6409468, 13.7355243
100.5078563, 13.7598665
100.5088074, 13.7593519
100.503304, 13.7469056
100.5052444, 13.7559044
100.5056577, 13.7456378
100.5062048, 13.9096962
100.5065173, 13.9100244
100.5062583, 13.9096436
100.5046518, 13.9079761
100.5066041, 13.9099211
100.5093316, 13.8927208
100.5116535, 13.8866221
100.5042353, 13.9069456
100.5048608, 13.9046711
100.5050971, 13.9041137
100.5041554, 13.906942
100.5045891, 13.9080185
100.5052813, 13.9031731
100.5049525, 13.9040681
100.5076792, 13.910822
100.5047806, 13.9046589
100.5584839, 13.8939231
100.5591278, 13.8937428
100.552006, 13.896084
100.5499856, 13.8967378
100.5520355, 13.8961654
100.5584479, 13.8938193
100.5590314, 13.8935703
100.5500438, 13.8968983
100.5299646, 13.7722882
100.533122, 13.780011
100.5406032, 13.9002374
100.5415001, 13.8999089
100.5339688, 13.9025564
100.5379819, 13.9011631
100.5419293, 13.8995532
100.5378902, 13.7918845
100.5384901, 13.79666
100.5391039, 13.7665151
100.5394269, 13.7671257
100.5288516, 13.7692366
100.5287921, 13.7691006
100.5370933, 13.7655254
100.5285249, 13.7684809
100.525841, 13.7618206
100.5076374, 13.9109197
100.5506613, 13.964014
100.566359, 13.8910294
100.562628, 13.8923173
100.5663665, 13.8911367
100.5674937, 13.8907908
100.5614173, 13.8929023
100.562644, 13.8924287
100.5615354, 13.892677
100.5674688, 13.8906032
100.5014892, 13.756567
100.4956755, 13.7575994
100.5864865, 13.7989077
100.5869561, 13.79866
100.5888961, 13.7975777
100.5892948, 13.7973534
100.5168475, 13.7180127
100.5133268, 13.7189078
100.5488145, 13.8544693
100.5405834, 13.8568699
100.541582, 13.8566745
100.5217299, 13.859179
100.5355696, 13.857481
100.5482728, 13.854939
100.4935511, 13.7211401
100.5082218, 13.7203774
100.5058086, 13.7196991
100.4911538, 13.7205174
100.5081772, 13.720157
100.4891722, 13.7203558
100.4843523, 13.7186604
100.4844161, 13.7185435
100.4742316, 13.7131795
100.4778602, 13.7156892
100.5307622, 13.8300667
100.5265776, 13.8265619
100.5307265, 13.8301327
100.5314081, 13.8304742
100.5155938, 13.8161901
100.5126562, 13.8123093
100.524224, 13.8244891
100.5164468, 13.8172191
100.4931743, 13.7837947
100.4958209, 13.78546
100.4932038, 13.7837502
100.4912215, 13.7825058
100.4911938, 13.7825476
100.4978012, 13.7867075
100.4984549, 13.7870005
100.4978269, 13.7866666
100.4958524, 13.7854144
100.5118602, 13.8112612
100.495352, 13.7850549
100.4759962, 13.7663754
100.4749844, 13.7651743
100.474874, 13.7652611
100.4758879, 13.7664647
100.4801764, 13.7715049
100.470504, 13.7433761
100.4733908, 13.7309085
100.4725779, 13.7324912
100.4759239, 13.7256118
100.4756367, 13.7263721
100.4723105, 13.7332283
100.4726258, 13.7325145
100.4756794, 13.7263905
100.4760683, 13.7256631
100.4734355, 13.7309324
100.4747314, 13.728304
100.4746932, 13.7282851
100.4783287, 13.7287099
100.4700971, 13.727247
100.4700399, 13.7273388
100.4783586, 13.7288061
100.474161, 13.7292827
100.4839684, 13.7056756
100.4837013, 13.7058303
100.4764031, 13.7247227
100.477654, 13.718794
100.4762779, 13.7247034
100.4774975, 13.7187573
100.478304, 13.7154926
100.4829418, 13.7064269
100.4833162, 13.7062632
100.4137821, 13.9257865
100.4203227, 13.9226429
100.4270812, 13.822267
100.4149184, 13.82242
100.4254881, 13.8224004
100.4489947, 13.8241382
100.4497562, 13.8112016
100.4479394, 13.8247272
100.4480118, 13.8248439
100.4477867, 13.8288278
100.425494, 13.8222288
100.4149361, 13.8222987
100.4270576, 13.8224303
100.5092159, 13.8405469
100.5125826, 13.8453611
100.5131318, 13.8463229
100.5126663, 13.8453203
100.5092862, 13.8405047
100.4474711, 13.8312043
100.4468721, 13.8377169
100.4478026, 13.8312243
100.4481494, 13.8286523
100.448882, 13.824961
100.4484506, 13.8507476
100.4487849, 13.8499908
100.4476178, 13.8327341
100.4503709, 13.8571354
100.4508345, 13.8588145
100.4504746, 13.8569797
100.4475338, 13.8326957
100.4509394, 13.8586504
100.4123823, 13.8741922
100.4252936, 13.8751821
100.415064, 13.874291
100.410559, 13.8703993
100.4746795, 13.8701108
100.4257743, 13.8749707
100.4098661, 13.8774692
100.4252844, 13.875297
100.4360969, 13.8758712
100.431805, 13.8755298
100.4360768, 13.8760032
100.4703822, 13.8700958
100.4317823, 13.8756749
100.4257661, 13.8750703
100.4508578, 13.8784158
100.4499542, 13.8957817
100.450998, 13.8783871
100.4513124, 13.8748732
100.4511762, 13.8749026
100.4516146, 13.8652414
100.4511747, 13.8731433
100.4516111, 13.8732916
100.4510291, 13.8585817
100.4500766, 13.8957888
100.4499126, 13.8998262
100.4694307, 13.9244681
100.4587762, 13.9420668
100.4594061, 13.9438939
100.4573052, 13.9388382
100.4565738, 13.9373872
100.457161, 13.9388933
100.4589084, 13.9420063
100.472579, 13.9239951
100.4760934, 13.9231867
100.4895897, 13.91994
100.4932651, 13.9166757
100.489528, 13.9198362
100.4697228, 13.9524773
100.4659719, 13.9518227
100.4306291, 13.9448087
100.4341505, 13.9460565
100.4307537, 13.9446313
100.4171832, 13.9359564
100.5715808, 13.9732443
100.5503496, 13.9679083
100.550665, 13.9701287
100.5507559, 13.9701182
100.5507455, 13.9640184
100.5985839, 13.985383
100.5719874, 13.9733445
100.5948085, 13.9848126
100.5908954, 13.9841607
100.5770488, 13.9946719
100.5489279, 13.8546188
100.6864717, 13.815623
100.662442, 13.8384235
100.4930599, 13.725622
100.4819737, 13.6939023
100.4818226, 13.6939218
100.4926971, 13.7257432
100.4952938, 13.6801422
100.5119566, 13.6694575
100.6485274, 13.5229473
100.6006009, 13.6579799
100.5967239, 13.6486077
100.6593575, 13.7686784
100.6657463, 13.77273
100.6910924, 13.7865459
100.6835554, 13.782387
100.531352, 13.7501212
100.5316395, 13.7529519
100.5345633, 13.7522601
100.5604603, 13.749318
100.5506859, 13.7498186
100.5395936, 13.7504762
100.5149802, 13.7667046
100.5229534, 13.7630616
100.5234413, 13.7561918
100.5257606, 13.7620838
100.707937, 13.7956786
100.7074671, 13.7954562
100.6977168, 13.7901984
100.6971237, 13.7898247
100.7131019, 13.7982847
100.5044733, 13.9075645
100.5053935, 13.903211
100.5040507, 13.9068915
100.5092169, 13.8926739
100.6622117, 13.8385656
100.5169729, 13.8595516
100.4859587, 13.8702209
100.4788681, 13.8706525
100.4799146, 13.8708431
100.4739682, 13.8701889
100.4720227, 13.8701901
100.4703907, 13.8699631
100.4859189, 13.8700995
100.5258842, 13.8586494
100.525874, 13.8584861
100.7561174, 14.0293767
100.7785946, 14.0371771
100.7558067, 14.0292561
100.7790275, 14.0373207
100.7403618, 14.022696
100.7405546, 14.0227803
100.7321578, 14.0192594
100.7325046, 14.019402
100.7969237, 14.0434529
100.7969663, 14.0433302
100.779045, 14.0371997
100.7786257, 14.0370601
100.7561615, 14.0292444
100.7325543, 14.0193131
100.7321949, 14.0191632
100.7405697, 14.022676
100.7404205, 14.0226125
100.7558408, 14.0291277
100.5257958, 13.7617047
100.5256933, 13.7614561
100.5236403, 13.7561393
100.5057844, 13.7563764
100.5090618, 13.7638005
100.5060409, 13.7564866
100.507334, 13.7218239
100.5089481, 13.7214779
100.5591952, 13.7202358
100.5679564, 13.7186789
100.5925645, 13.7141434
100.5524387, 13.7228329
100.5580814, 13.7174186
100.5841146, 13.7130258
100.5924186, 13.7142601
100.7176525, 13.8127923
100.697269, 13.8126734
100.697708, 13.8126619
100.7142485, 13.8126267
100.7181123, 13.8008539
100.7285456, 13.807942
100.7285919, 13.807836
100.7181245, 13.8008032
100.7397847, 13.8139677
100.7338858, 13.8107441
100.7323137, 13.8100536
100.7324101, 13.8099029
100.7073931, 13.7955904
100.7078745, 13.7958339
100.6970509, 13.7899464
100.6976422, 13.7903171
100.7338346, 13.8108588
100.7397563, 13.8140561
100.6660425, 13.7727552
100.6657846, 13.7726133
100.7130496, 13.7983442
100.7445726, 13.8164874
100.7447541, 13.816708
100.6793891, 13.7800959
100.7032965, 13.8004218
100.7030344, 13.8003112
100.6973141, 13.7978593
100.7090087, 13.8029159
100.6545277, 13.7727768
100.6763633, 13.786554
100.6673318, 13.7794915
100.6765613, 13.7869239
100.6878908, 13.7939678
100.6672496, 13.7795663
100.6763025, 13.7866244
100.6778456, 13.7883797
100.6570967, 13.7743525
100.67667, 13.7868442
100.666923, 13.7793038
100.6668429, 13.7793784
100.6574371, 13.7744235
100.6091363, 13.5918553
100.6088575, 13.5923618
100.6087555, 13.5922936
100.6071298, 13.5952049
100.7911535, 13.8113736
100.5984646, 13.7101203
100.6004303, 13.6580188
100.6059527, 13.6714412
100.5475261, 13.6889343
100.5466798, 13.695561
100.583927, 13.5975751
100.5034908, 13.675004
100.5114565, 13.6699684
100.4955862, 13.6799515
100.4955069, 13.6798062
100.4952352, 13.6799952
100.5031059, 13.6752365
100.5034081, 13.6748444
100.5030214, 13.6750825
100.4866763, 13.6860529
100.4869603, 13.7695498
100.4901034, 13.76356
100.4930606, 13.7270322
100.4840015, 13.7057532
100.515052, 13.7183833
100.5365682, 13.7294606
100.5166025, 13.7220633
100.5469185, 13.6958459
100.5469221, 13.7060002
100.5415769, 13.7002341
100.5397897, 13.6977535
100.5352394, 13.6954955
100.530236, 13.6935916
100.4453273, 13.7570311
100.4455983, 13.7565045
100.4771577, 13.7289074
100.4802158, 13.8248271
100.4771625, 13.8237351
100.5217123, 13.8589211
100.521558, 13.8589365
100.4720996, 13.8698437
100.5155191, 13.8597367
100.4822786, 13.8706956
100.4950042, 13.9147985
100.4960215, 13.9136788
100.5066417, 13.9072164
100.4984506, 13.9108544
100.4949159, 13.9147298
100.4931837, 13.9166086
100.4633374, 13.9513301
100.4609857, 13.9507906
100.5081928, 13.9588174
100.4153121, 13.944064
100.55035, 13.9680197
100.4801601, 13.9544253
100.5967276, 13.8763809
100.6224138, 13.9506526
100.5975958, 13.8761372
100.5966421, 13.87476
100.5869202, 13.8588689
100.6313424, 13.8553419
100.5968237, 13.874788
100.5973068, 13.8751476
100.643385, 13.8490064
100.5947531, 13.8720721
100.5766062, 13.9953649
100.5506679, 13.9702868
100.6056811, 13.9868254
100.7247283, 14.0161441
100.5812964, 13.8841558
100.5799343, 13.8850362
100.5961625, 13.8756891
100.5940505, 13.8771595
100.5821028, 13.8847287
100.6494979, 13.8083292
100.6488371, 13.8068596
100.5618739, 13.847763
100.5609593, 13.8469793
100.5607286, 13.847798
100.5082001, 13.7187843
100.5033317, 13.7207907
100.5618281, 13.7491536
100.5650622, 13.7487634
100.5659208, 13.7487229
100.586139, 13.7445104
100.565914, 13.7486082
100.5151924, 13.7187293
100.5957754, 13.7118719
100.594097, 13.7130579
100.550672, 13.7428106
100.552923, 13.7422028
100.54207, 13.899703
100.5191203, 13.9060407
100.5055153, 13.7562132
100.5548724, 13.760564
100.5568493, 13.7587079
100.5531484, 13.7613349
100.5566281, 13.7591241
100.5519557, 13.7619769
100.6419696, 13.7679277
100.6452534, 13.7661523
100.6541329, 13.8190306
100.5757835, 13.8398497
100.5755505, 13.8394891
100.6765015, 13.8131374
100.6500131, 13.809784
100.6233497, 13.8295419
100.627977, 13.8261029
100.6433116, 13.8488621
100.6456311, 13.7626124
100.6479334, 13.7664759
100.5548357, 13.7603997
100.5481926, 13.7636946
100.5647383, 13.8287664
100.5681437, 13.8271221
100.5720259, 13.824726
100.5680642, 13.8268766
100.5656987, 13.8281446
100.5340908, 13.8574809
100.5706338, 13.8313539
100.5775565, 13.8430972
100.5863075, 13.8580869
100.5436142, 13.8562783
100.5657484, 13.828206
100.5709369, 13.8256651
100.5754334, 13.8399011
100.5774434, 13.8429123
100.5408796, 13.8568652
100.561576, 13.8472388
100.5718174, 13.8249158
100.5708847, 13.8255892
100.5715643, 13.8253348
100.6490769, 13.8001946
100.6480979, 13.7848047
100.6479318, 13.784558
100.6477931, 13.7673646
100.5156764, 13.8164758
100.5163729, 13.8172871
100.575569, 13.8172111
100.5750517, 13.8052955
100.5733348, 13.7709127
100.5725908, 13.7690838
100.5751562, 13.808615
100.5748263, 13.8020069
100.575365, 13.8171926
100.5734143, 13.775228
100.5734697, 13.7756456
100.5863704, 13.7988623
100.5736886, 13.8059515
100.5735958, 13.778136
100.5736251, 13.7788187
100.5748217, 13.8054164
100.5752088, 13.8094965
100.5723244, 13.7689921
100.5731778, 13.7712341
100.5750838, 13.8086255
100.5750339, 13.8095031
100.5741328, 13.789416
100.5741665, 13.790095
100.574204, 13.7894073
100.5740833, 13.7869985
100.5733156, 13.7737855
100.5738654, 13.7816874
100.5738176, 13.7813293
100.5747458, 13.8020173
100.5739508, 13.7866019
100.5740243, 13.7869985
100.5748189, 13.8010829
100.5736944, 13.7788155
100.5736595, 13.778133
100.5737615, 13.8060773
100.5734922, 13.7739297
100.5721569, 13.8248715
100.5744069, 13.7929594
100.5743542, 13.7925996
100.5667662, 13.7615175
100.5735335, 13.7756426
100.5742335, 13.7900846
100.5746532, 13.8011091
100.5665878, 13.7615905
100.5737499, 13.7813314
100.5742939, 13.7926036
100.6436687, 13.6620521
100.5650344, 13.7559901
100.5649424, 13.7555653
100.5583818, 13.7568098
100.5756631, 13.7552988
100.5614206, 13.7563279
100.560232, 13.7563544
100.5696916, 13.7558131
100.5783629, 13.7552232
100.5933645, 13.7519494
100.5801145, 13.7548868
100.6085174, 13.7457345
100.6095099, 13.7451327
100.6005325, 13.7492309
100.6030935, 13.7483842
100.6044405, 13.7478605
100.5898761, 13.7526413
100.6007712, 13.7490642
100.6056915, 13.7474635
100.6370516, 13.7425486
100.6364033, 13.7616112
100.6194025, 13.7596794
100.6044108, 13.7477819
100.6007455, 13.7489903
100.6005397, 13.7490009
100.6084745, 13.7456668
100.5898592, 13.752577
100.5893455, 13.7527273
100.6093436, 13.7450519
100.603053, 13.748153
100.6055061, 13.7472912
100.5650682, 13.7561667
100.5650006, 13.8109551
100.5329498, 13.7672777
100.551792, 13.7232877
100.5530033, 13.722798
100.5365063, 13.6960782
100.5341939, 13.6951974
100.5247096, 13.7472872
100.5302915, 13.7463748
100.5306789, 13.7463077
100.5241276, 13.747387
100.5301396, 13.7462715
100.5438645, 13.744028
100.5475264, 13.7433919
100.5845013, 13.7201032
100.5357801, 13.7453247
100.5572814, 13.7165991
100.5569489, 13.7161969
100.6157276, 13.8638106
100.6097191, 13.8670224
100.5425194, 13.7018245
100.5589375, 13.7201698
100.5559239, 13.7151403
100.5543073, 13.7133745
100.5538325, 13.712998
100.5517149, 13.7109081
100.5470849, 13.6952737
100.5483929, 13.7075003
100.5470073, 13.7057529
100.5516604, 13.7109969
100.5537996, 13.7133288
100.5477512, 13.7070459
100.5439211, 13.7028088
100.5195996, 13.6864991
100.5235804, 13.6838538
100.5170838, 13.6874473
100.5444386, 13.7045336
100.5254188, 13.7619914
100.5282937, 13.7683379
100.5287127, 13.7693051
100.5370754, 13.7654089
100.5061559, 13.7563443
100.5300161, 13.7599464
100.5026416, 13.7450302
100.5094432, 13.7548408
100.5229039, 13.7629363
100.5597099, 13.8118543
100.5602539, 13.8139084
100.5608826, 13.8148508
100.4948789, 13.7213588
100.5057192, 13.7213077
100.5889039, 13.7974285
100.5867376, 13.7986279
100.6520433, 13.7692162
100.6517316, 13.7688745
100.589289, 13.7972403
100.6453555, 13.7661533
100.6453832, 13.7659699
100.645559, 13.7635129
100.6454558, 13.7644979
100.6478553, 13.766294
100.6516151, 13.768753
100.6418832, 13.7677568
100.5231735, 13.8235804
100.5282921, 13.8283133
100.5318798, 13.753272
100.5337201, 13.7308988
100.5319765, 13.8305002
100.5293693, 13.732721
100.5284561, 13.8281781
100.5256504, 13.8256785
100.5285728, 13.8282757
100.5289182, 13.7334303
100.528823, 13.7329085
100.5318436, 13.753527
100.5314452, 13.7532868
100.5390095, 13.8305374
100.5423799, 13.7272241
100.5431376, 13.7268579
100.5457002, 13.7257816
100.5463941, 13.7255451
100.5456683, 13.7257095
100.5431022, 13.7267818
100.5422632, 13.7270807
100.5465649, 13.7252863
100.6087125, 13.8675492
100.5320174, 13.7530883
100.5425258, 13.7497486
100.5273898, 13.7610477
100.5292783, 13.7602003
100.5269417, 13.7611818
100.5299906, 13.7598109
100.5270007, 13.761304
100.5423856, 13.755932
100.5420453, 13.7560018
100.6212396, 13.956956
100.6173708, 13.862877
100.4797971, 13.7754126
100.4854035, 13.7776489
100.4945742, 13.7847228
100.4868204, 13.7670165
100.484356, 13.770206
100.4823592, 13.7740438
100.4832414, 13.7751507
100.4831592, 13.774725
100.4824683, 13.7739553
100.4820415, 13.7734245
100.4819309, 13.7735471
100.4842948, 13.7761546
100.4793613, 13.7759262
100.4809378, 13.77461
100.4805324, 13.7716231
100.4829633, 13.7724096
100.4838694, 13.7712172
100.482443, 13.7725538
100.4836874, 13.771034
100.4854546, 13.7683873
100.4858362, 13.7687724
100.5021268, 13.7564284
100.5019768, 13.7563479
100.5033619, 13.7562778
100.4944991, 13.784497
100.4955812, 13.7853813
100.4947225, 13.7846492
100.4948334, 13.7846001
100.4953963, 13.7843501
100.5511912, 13.7978674
100.5483365, 13.7897768
100.4824253, 13.9215808
100.4845792, 13.9213918
100.5553472, 13.8948242
100.5441841, 13.898961
100.5695897, 13.8898391
100.5676925, 13.8905121
100.5092949, 13.9070928
100.5191382, 13.9062126
100.5543061, 13.895467
100.4619523, 13.9262053
100.4931343, 13.9167308
100.4886166, 13.9201255
100.5091945, 13.9069328
100.5041124, 13.9073509
100.5816551, 13.8839076
100.5922551, 13.8782647
100.5986414, 13.8731115
100.5425166, 13.8993686
100.6355733, 13.7425625
100.5056218, 13.756023
100.5057559, 13.7563598
100.6051772, 13.9864564
100.6029599, 13.9860644
100.6455401, 13.6726818
100.6459335, 13.676444
100.6464101, 13.6814639
100.6461724, 13.6790182
100.5796124, 13.8851861
100.5795721, 13.8855399
100.580122, 13.8852322
100.5815736, 13.8846219
100.5377482, 13.7653029
100.5379457, 13.7653507
100.5879701, 13.8805886
100.5887852, 13.8801281
100.5888428, 13.8802447
100.591396, 13.8787958
100.5880388, 13.8807009
100.5964881, 13.8761781
100.5986063, 13.8730482
100.5946282, 13.8768823
100.5995098, 13.8726609
100.5994414, 13.8725298
100.5403524, 13.9003295
100.5325805, 13.8576612
100.5595972, 13.8487277
100.5756603, 13.8399629
100.5755731, 13.8395196
100.5375301, 13.7653322
100.6040097, 13.9866263
100.602932, 13.9864384
100.6064426, 13.9869409
100.6145847, 13.9883473
100.5208572, 13.7570747
100.5056364, 13.7796402
100.5045805, 13.7800994
100.5084358, 13.7783902
100.5097283, 13.7635344
100.5095858, 13.7633387
100.509194, 13.763997
100.509443, 13.763777
100.5093299, 13.7635462
100.5063302, 13.7566111
100.5113872, 13.7683348
100.4954538, 13.7699087
100.4983893, 13.7683604
100.5029401, 13.7650002
100.5074773, 13.7600469
100.4944239, 13.7704804
100.5022282, 13.7661612
100.5000749, 13.782122
100.5864329, 13.8580187
100.5869855, 13.8592319
100.5872573, 13.8597418
100.4895792, 13.763199
100.4847144, 13.7673115
100.5300309, 13.7219157
100.5442067, 13.7262575
100.5445798, 13.7263383
100.4722373, 13.7122416
100.4727783, 13.7125501
100.4782663, 13.7148978
100.4728531, 13.7122646
100.4785454, 13.715892
100.5972245, 13.7418304
100.5893828, 13.7436199
100.5972731, 13.7420248
100.5992447, 13.7415728
100.5897049, 13.7436818
100.5861107, 13.7443889
100.565516, 13.7487136
100.5947493, 13.7424719
100.5936774, 13.7426873
100.5963278, 13.7422028
100.5978715, 13.7416512
100.5967863, 13.741913
100.5966923, 13.7421675
100.5979198, 13.7419316
100.5455945, 13.7026069
100.515504, 13.8162535
100.5156527, 13.8162647
100.5737108, 13.7817542
100.5735582, 13.7753124
100.5742539, 13.7929581
100.5740978, 13.7866149
100.5487821, 13.8298964
100.5463311, 13.8299486
100.5610051, 13.735442
100.5609738, 13.7365277
100.6004939, 13.7412755
100.600917, 13.7409799
100.6049803, 13.7392441
100.6077165, 13.6757967
100.6072381, 13.595404
100.597648, 13.6003182
100.6452695, 13.7659754
100.60921, 13.737613
100.6411219, 13.7356324
100.5513609, 13.7982216
100.5512873, 13.7980359
100.6411395, 13.7358201
100.6411178, 13.7351414
100.5117178, 13.768154
100.5115392, 13.7682256
100.5847241, 13.7197606
100.5640113, 13.7344017
100.5850022, 13.7195618
100.5495339, 13.7497646
100.54863, 13.7496788
100.5974535, 13.6003243
100.5958854, 13.6468126
100.6010694, 13.7405819
100.6459943, 13.6777119
100.6460006, 13.6778293
100.6454685, 13.6719145
100.6435244, 13.6621354
100.558792, 13.8110589
100.5575312, 13.8089706
100.5482163, 13.789435
100.5387943, 13.7653309
100.6456469, 13.7627923
100.6057817, 13.7478312
100.6166397, 13.7586385
100.6456773, 13.6720619
100.5978492, 13.6001365
100.5961521, 13.8750719
100.5620471, 13.8169067
100.5581914, 13.7174808
100.5579499, 13.8306836
100.5771902, 13.9948633
100.5996113, 13.9858095
100.5996404, 13.9855613
100.5764284, 13.9951866
100.5999677, 13.9858559
100.5715352, 13.973399
100.5719429, 13.9734994
100.5935076, 13.984762
100.6659805, 13.772878
100.6832475, 13.7823974
100.5308279, 13.7462839
100.5313699, 13.7461971
100.5307631, 13.7458647
100.5160852, 13.7566156
100.5100422, 13.7564306
100.5299671, 13.6941865
100.5376882, 13.6971136
100.5405171, 13.698506
100.5292182, 13.6939347
100.5384881, 13.6974918
100.5325948, 13.6945377
100.5283132, 13.6935353
100.5329063, 13.6952923
100.5290748, 13.6931576
100.5477444, 13.688931
100.5124287, 13.6890432
100.5088433, 13.6895017
100.5260613, 13.6820033
100.5311948, 13.6771256
100.5310387, 13.676974
100.5268557, 13.6810668
100.5458255, 13.6769557
100.5476136, 13.6882196
100.5477566, 13.6882285
100.5459471, 13.676882
100.5061652, 13.6899553
100.5088775, 13.6898173
100.5455386, 13.6762099
100.525869, 13.6821474
100.5163519, 13.6880118
100.5172125, 13.6876251
100.5306098, 13.6774538
100.5274099, 13.6806047
100.5259149, 13.6818364
100.544768, 13.6752933
100.5323725, 13.6758526
100.5323731, 13.6761371
100.5444266, 13.6752756
100.5453172, 13.6762713
100.5117597, 13.6894005
100.5125098, 13.6892443
100.5069426, 13.6898568
100.5472889, 13.6921837
100.5472776, 13.6928898
100.546124, 13.697784
100.545951, 13.6982704
100.511736, 13.6892631
100.5474132, 13.6928951
100.5475066, 13.6922369
100.5060646, 13.6897487
100.50529, 13.6898321
100.5069319, 13.6897179
100.5265219, 13.6815979
100.524603, 13.6830877
100.5307118, 13.6775516
100.5163749, 13.6877737
100.5461427, 13.6983529
100.5462667, 13.697822
100.5142749, 13.6884488
100.505115, 13.6901049
100.5246262, 13.6828032
100.5234646, 13.6836703
100.4996419, 13.6942638
100.5138622, 13.6888003
100.5463153, 13.6958978
100.4888327, 13.7035665
100.5074851, 13.717389
100.5088245, 13.7215353
100.4998733, 13.6943288
100.4783537, 13.71527
100.483283, 13.7061963
100.4837452, 13.7059045
100.4832389, 13.7061075
100.4781749, 13.715396
100.4793748, 13.710369
100.4840055, 13.7189331
100.4837859, 13.7059732
100.4857077, 13.7048148
100.4832037, 13.7060379
100.4828705, 13.7062898
100.4836572, 13.7057559
100.4847275, 13.7054047
100.4854917, 13.7049421
100.4703683, 13.7433743
100.4703982, 13.7429442
100.4705367, 13.742953
100.4743212, 13.7292972
100.4721981, 13.7331784
100.4906586, 13.7821127
100.4905975, 13.7821959
100.4983844, 13.7871044
100.4885868, 13.7031097
100.4794153, 13.7704893
100.4809056, 13.7722148
100.4826488, 13.7742797
100.4840855, 13.7760189
100.4789932, 13.7700796
100.4790996, 13.7700427
100.4842993, 13.7763531
100.4843847, 13.7762941
100.4659337, 13.952116
100.469684, 13.9527525
100.4608255, 13.9512543
100.4717052, 13.9529849
100.4559371, 13.9499613
100.4489542, 13.8214599
100.4501878, 13.7999019
100.4501292, 13.7968199
100.4492573, 13.8131919
100.448135, 13.8240068
100.4842847, 13.7184875
100.4783873, 13.7151278
100.4841676, 13.7189932
100.4685047, 13.7134788
100.4636119, 13.7142676
100.4484995, 13.8237597
100.448461, 13.8240587
100.4480581, 13.8274987
100.447842, 13.8291211
100.4842361, 13.7188663
100.4479738, 13.8291468
100.4481817, 13.8275145
100.4484617, 13.8252383
100.4485022, 13.8249253
100.4486127, 13.8240691
100.4842073, 13.7185979
100.4488195, 13.821458
100.4483517, 13.8249073
100.4483111, 13.8252225
100.4477554, 13.8308627
100.4486495, 13.8237844
100.4476221, 13.8308225
100.4473267, 13.8329027
100.4458751, 13.7531029
100.4456475, 13.7544494
100.459595, 13.7165728
100.4595111, 13.9463301
100.4591459, 13.9482702
100.4500457, 13.7999095
100.4595558, 13.9437221
100.445523, 13.7559426
100.4499623, 13.8071659
100.4595442, 13.9496068
100.4599388, 13.9462203
100.4722319, 13.7125012
100.4644536, 13.7146423
100.4462926, 13.7531927
100.4512092, 13.730963
100.4692085, 13.713431
100.4709764, 13.7127471
100.470849, 13.7123694
100.4690517, 13.7130108
100.4552299, 13.7267281
100.4497482, 13.8021625
100.4501112, 13.8042829
100.4198569, 13.9225309
100.4140805, 13.9247701
100.4167336, 13.9348609
100.415742, 13.9326914
100.4885084, 13.920516
100.4844138, 13.9210678
100.4827003, 13.9546771
100.4802091, 13.9542359
100.4826643, 13.9548613
100.4893647, 13.9560008
100.479298, 13.9223935
100.4798979, 13.9218988
100.4783734, 13.922327
100.5045922, 13.9583635
100.4900817, 13.9559271
100.4899209, 13.9561002
100.4894667, 13.9558276
100.5081752, 13.9590055
100.3840087, 14.0302785
100.3827213, 14.0301977
100.3840397, 14.0304766
100.4203743, 14.040733
100.3520825, 14.0285838
100.5219328, 13.7515225
100.6502099, 13.8099173
100.6540677, 13.8192309
100.6622645, 13.8382733
100.6493916, 13.8083739
100.6281706, 13.8255636
100.6592458, 13.8404353
100.6602731, 13.839848
100.6637681, 13.8375366
100.664535, 13.8368336
100.6636886, 13.8374517
100.6644328, 13.8366759
100.6591617, 13.8402677
100.6602055, 13.8397426
100.6487514, 13.8067
100.6486595, 13.8067929
100.6487391, 13.8069417
100.6478504, 13.7846118
100.6480407, 13.784846
100.6490013, 13.8001448
100.647681, 13.7673388
100.5600244, 13.8484907
100.5598913, 13.8482638
100.5594036, 13.8485293
100.5609385, 13.8479855
100.5132175, 13.7634742
100.4257545, 13.875213
100.425745, 13.8753303
100.4253131, 13.8749367
100.4253052, 13.8750361
100.4123866, 13.8740865
100.6077225, 13.7382392
100.6039546, 13.7394445
100.639378, 13.7620321
100.6410059, 13.76219
100.6369636, 13.7422834
100.6077354, 13.749514
100.6082549, 13.7500336
100.6365621, 13.7617043
100.6244868, 13.760282
100.6090021, 13.7508212
100.6157556, 13.7576121
100.6352036, 13.7615199
100.6109032, 13.7527794
100.6103151, 13.7522339
100.632952, 13.7612109
100.6322372, 13.7611503
100.650434, 13.7636559
100.6514001, 13.7641722
100.480145, 13.8249498
100.4772334, 13.8236124
100.5665869, 14.0476274
100.562246, 14.0390378
100.5612553, 14.0374179
100.5620989, 14.0391091
100.5614093, 14.0373602
100.5634119, 14.0417333
100.5603993, 14.0353402
100.558827, 14.0325808
100.5598258, 14.0345583
100.5599014, 14.0343434
100.5603131, 14.0355417
100.5589839, 14.032528
100.5582918, 14.0311321
100.5512924, 14.0168874
100.436283, 14.046166
100.4213531, 14.0409442
100.7194041, 13.8013923
100.7116986, 13.7975295
100.7116413, 13.797702
100.7193083, 13.8015076
100.6962592, 13.7975613
100.6972725, 13.7979696
100.7029872, 13.8004178
100.7032694, 13.8005509
100.7287265, 13.8187832
100.7377288, 13.8195977
100.7542724, 13.8151515
100.7542644, 13.8150697
100.7377405, 13.8195131
100.7307052, 13.8189643
100.7568888, 13.8149261
100.7363392, 13.8195199
100.7363358, 13.8193357
100.7568993, 13.8147406
100.71577, 13.8126766
100.714331, 13.812627
100.7174677, 13.8126036
100.720354, 13.8148922
100.7191843, 13.8139073
100.6833338, 13.7822647
100.683494, 13.7824612
100.4465397, 13.7523067
100.4276999, 13.7533818
100.4271345, 13.753461
100.5508211, 13.7975254
100.5510448, 13.7981836
100.5482249, 13.7897851
100.5364401, 13.7614538
100.5363514, 13.7615938
100.5377851, 13.7645815
100.6454933, 13.7651016
100.6455686, 13.7645073
100.6453815, 13.7650872
100.6480563, 13.7629357
100.6427633, 13.762343
100.6485093, 13.7629592
100.6421152, 13.7622441
100.5436444, 13.8565209
100.5416028, 13.8567727
100.5587937, 13.8114356
100.5600715, 13.8136106
100.5542449, 13.8952131
100.5554613, 13.8950646
100.4676634, 13.9248387
100.4599147, 13.9264791
100.4768747, 13.922878
100.506648, 13.9072848
100.5209601, 13.8592867
100.5215902, 13.8592004
100.5132244, 13.8460817
100.5113818, 13.8869446
100.5215821, 13.859493
100.5148893, 13.8779732
100.5615796, 13.8480938
100.5485687, 13.7638001
100.5959765, 13.6467744
100.5966303, 13.6486401
100.5529583, 13.742058
100.5497865, 13.7497852
100.5496656, 13.7497777
100.5510538, 14.0139753
100.5042102, 13.9075851
100.7412776, 13.8147544
100.7334422, 13.8104947
100.7333766, 13.8106139
100.7411971, 13.8148308
100.6460007, 13.6764395
100.6460998, 13.6790208
100.6457323, 13.6726689
100.6462496, 13.6814645
100.5198699, 13.7363053
100.5164554, 13.7376951
100.5195368, 13.7366001
100.5613536, 13.7368597
100.5619167, 13.7404764
100.5630625, 13.7474978
100.5631905, 13.7480925
100.5007178, 13.7408377
100.6478018, 13.7664523
100.530468, 13.7438945
100.5306267, 13.7458882
100.5286588, 13.7327414
100.5520206, 13.7232235
100.5941931, 13.7131864
100.5162438, 13.7566273
100.4203911, 14.0406642
100.4213302, 14.0410048
100.4361692, 14.0462158
100.5387653, 13.7569328
100.5405061, 13.7565598
100.5348889, 13.7576757
100.5337135, 13.7583083
100.5341092, 13.7576198
100.5342458, 13.757864
100.534617, 13.7582129
100.5345054, 13.758004
100.5342076, 13.7574773
100.5319886, 13.7535181
100.5347464, 13.7577028
100.5343975, 13.7578021
100.5340424, 13.7581756
100.534351, 13.7580522
100.5942436, 13.6105003
100.5940759, 13.6104357
100.5417053, 13.7562609
100.5281654, 13.7264018
100.5364471, 13.729504
100.5420853, 13.7561668
100.542415, 13.7560852
100.5399268, 13.764154
100.7122168, 13.8051746
100.4808911, 13.7745528
100.4826565, 13.7726476
100.48254, 13.7725445
100.4807764, 13.7744496
100.6051716, 13.747176
100.605337, 13.7473538
100.5850877, 13.7196815
100.4133151, 13.924362
100.4598968, 13.9266286
100.4299495, 13.9233126
100.423577, 13.9222177
100.4235856, 13.9223252
100.4299044, 13.9234116
100.4475772, 13.92907
100.4413604, 13.9283259
100.4588612, 13.9267138
100.4372207, 13.9265068
100.4588774, 13.9268151
100.4371749, 13.926605
100.4413146, 13.9284241
100.4476008, 13.9291753
100.4270641, 13.7537423
100.4463961, 13.7525393
100.4145148, 13.7542537
100.4138647, 13.7542455
100.4138847, 13.7545159
100.408024, 13.7545218
100.4045101, 13.754315
100.6573525, 13.7745083
100.6572017, 13.7742799
100.5113799, 13.6698268
100.512075, 13.669576
100.7097131, 14.0095961
100.7101125, 14.0099374
100.4883879, 13.7030119
100.5102961, 13.766051
100.5165377, 13.737937
100.5286483, 13.769166
100.5113684, 13.7682941
100.5733266, 13.7739458
100.5734865, 13.7737837
100.3539416, 14.0283723
100.3538568, 14.0286673
100.530598, 13.7456587
100.7440013, 13.8163515
100.7442053, 13.8169953
100.5603174, 13.734173
100.627878, 13.8258601
100.6761247, 13.8137428
100.6112116, 13.8327912
100.4502721, 13.8572121
100.4507482, 13.858901
100.450562, 13.856886
100.4473004, 13.7526441
100.4693293, 13.7549202
100.4693557, 13.7545893
100.4970394, 13.7212099
100.5188722, 13.7588675
100.4876583, 13.7663472
100.4661899, 13.7143229
100.4642576, 13.7145694
100.4610147, 13.7151664
100.6411125, 13.7354729
100.4865607, 13.7073794
100.485178, 13.7033879
100.4851298, 13.7034037
100.4865125, 13.7073952
100.4872447, 13.7096112
100.4873711, 13.7095789
100.4845193, 13.7017253
100.4846409, 13.7017091
100.5912597, 13.7132394
100.5916244, 13.7132697
100.5896534, 13.7162361
100.589745, 13.7163601
100.5896873, 13.7164023
100.5895948, 13.716278
