100.5388752, 13.7160161
100.5447086, 13.704354
100.597648, 13.6003182
100.597621, 13.600045
100.6286144, 13.6308915
100.6284941, 13.6312921
100.493044, 13.7587352
100.4915552, 13.7604541
100.4991193, 13.759874
100.4989659, 13.7574114
100.4942607, 13.7474312
100.4961042, 13.747265
100.5117313, 13.7463959
100.503819, 13.74914
100.5082538, 13.7696901
100.5068042, 13.7667475
100.5021837, 13.7443731
100.5005479, 13.7448496
100.4948403, 13.7428366
100.4949093, 13.7428418
100.5062715, 13.7558258
100.5094665, 13.7550193
100.4988021, 13.7399338
100.4978205, 13.7417419
100.490973, 13.7466571
100.4937822, 13.7510349
100.4961424, 13.7512535
100.5149802, 13.7667046
100.5146141, 13.7659953
100.5379398, 13.7971017
100.5310133, 13.7815742
100.5098293, 13.7370338
100.5098816, 13.73711
100.5135904, 13.73623
100.5155475, 13.7369345
100.5116872, 13.7769181
100.5167252, 13.7382087
100.5159971, 13.7385488
100.55815, 13.7178831
100.5582639, 13.7176054
100.5577293, 13.7208391
100.5580679, 13.7177199
100.5575654, 13.7209083
100.5582044, 13.7166153
100.5424542, 13.7588196
100.5364401, 13.7614538
100.5673029, 13.7189632
100.5664572, 13.7170939
100.5896165, 13.6969155
100.5385025, 13.7344738
100.5438866, 13.7342331
100.5438645, 13.744028
100.5421532, 13.7341508
100.4987068, 13.741408
100.4988449, 13.7410631
100.5000589, 13.7398215
100.4997946, 13.7404249
100.5007178, 13.7408377
100.4979233, 13.7415358
100.4985723, 13.7403021
100.4984277, 13.7400439
100.5014735, 13.7519678
100.5009863, 13.7517227
100.500557, 13.7517321
100.5133553, 13.7425691
100.5107025, 13.7425024
100.513133, 13.7422625
100.5139637, 13.7421707
100.5155389, 13.7420052
100.5161256, 13.7456223
100.5154825, 13.7381706
100.4995345, 13.7404824
100.4941398, 13.7584456
100.4919449, 13.7608457
100.4913321, 13.7524028
100.4915844, 13.7534313
100.4937947, 13.757876
100.4926102, 13.7572055
100.4945527, 13.7567761
100.4944417, 13.7573853
100.494835, 13.7569783
100.4947156, 13.7571412
100.4956755, 13.7575994
100.495156, 13.7572491
100.4945279, 13.7564724
100.4947809, 13.7572199
100.5097595, 13.7635896
100.5122426, 13.7611
100.51299, 13.7704881
100.5155482, 13.7751779
100.5178271, 13.7226813
100.5176429, 13.7236112
100.5420089, 13.710159
100.5378169, 13.7072593
100.5684244, 13.7483722
100.5697225, 13.7558106
100.5698219, 13.7558036
100.5695444, 13.7522016
100.5686505, 13.7489409
100.5548337, 13.7517639
100.5544397, 13.7499538
100.5527855, 13.7523049
100.5134472, 13.7362028
100.5127336, 13.7360506
100.5110448, 13.7364264
100.5128345, 13.737106
100.5034246, 13.7446334
100.5041368, 13.7467384
100.5286588, 13.7327414
100.528359, 13.7324491
100.5287859, 13.7326841
100.5230858, 13.7314643
100.5242248, 13.7276421
100.5736224, 13.7680264
100.5765761, 13.7675271
100.5864189, 13.7698806
100.586374, 13.7685713
100.591052, 13.7441455
100.5848943, 13.7454964
100.572849, 13.7676043
100.5726229, 13.7626194
100.4893801, 13.75233
100.4930004, 13.7440535
100.4944383, 13.7454578
100.4960809, 13.7454473
100.5798803, 13.7771782
100.580039, 13.7720783
100.5532776, 13.7730091
100.5584011, 13.7702623
100.5669816, 13.7895296
100.5672165, 13.780424
100.6288895, 13.6314101
100.5001253, 13.7495318
100.4964905, 13.7497078
100.5174913, 13.7986354
100.5213537, 13.7972434
100.5971214, 13.5907618
100.4985841, 13.7545798
100.4956506, 13.754771
100.495506, 13.7547786
100.4954121, 13.7547842
100.5039888, 13.7699245
100.5092619, 13.7640585
100.5062143, 13.7556945
100.4989781, 13.760071
100.6459325, 13.7408517
100.6480267, 13.740417
100.6455285, 13.7409392
100.6456366, 13.7403722
100.6452387, 13.7404588
100.6418343, 13.7385406
100.6134213, 13.7593679
100.6156225, 13.7575911
100.6130522, 13.759693
100.600262, 13.7405072
100.5988392, 13.7390482
100.5341787, 14.0224435
100.5255845, 14.0222552
100.505083, 13.6818476
100.5047655, 13.6819477
100.4864921, 13.6941564
100.486332, 13.6958492
100.4864406, 13.6958326
100.4865779, 13.6940564
100.4900074, 13.6889877
100.4905883, 13.6887611
100.4899454, 13.6888719
100.49055, 13.6886411
100.5047826, 13.6820394
100.5051431, 13.6819227
100.5153854, 13.7380888
100.5131814, 13.7372679
100.4896327, 13.7562825
100.4921175, 13.7554653
100.4998719, 13.7610997
100.4991514, 13.7599746
100.498919, 13.7600228
100.4996954, 13.7612174
100.6965137, 13.8404195
100.6991454, 13.8128435
100.76452, 13.7540427
100.7771789, 13.7526755
100.6878926, 13.8368543
100.6881888, 13.8369616
100.6774088, 13.8325028
100.6775959, 13.8326712
100.6934551, 13.8439561
100.6913473, 13.8382163
100.5402252, 13.7978752
100.5391514, 13.7950427
100.533122, 13.780011
100.5307537, 13.7809213
100.5164235, 13.9046034
100.5170246, 13.9080855
100.5170999, 13.9080777
100.5164988, 13.9045874
100.5163077, 13.9064672
100.5174114, 13.9095592
100.5173015, 13.9062096
100.5162861, 13.9031213
100.5157459, 13.9003293
100.5158339, 13.9003235
100.5161591, 13.9032386
100.5162567, 13.9063051
100.5174883, 13.9093927
100.5173735, 13.9063582
100.5192351, 13.7367199
100.5191219, 13.7366023
100.5158865, 13.7407295
100.5167056, 13.7491259
100.5164396, 13.7455678
100.5216014, 13.7358091
100.5243871, 13.7496798
100.5174649, 13.7255634
100.5474582, 13.797761
100.5483549, 13.7980429
100.4955276, 13.8432742
100.4940821, 13.842952
100.6168435, 13.9824975
100.6203489, 13.9626164
100.6162817, 13.9855678
100.616659, 13.9833107
100.6164395, 13.9824736
100.615873, 13.9855136
100.6154782, 13.9877123
100.6152852, 13.9886731
100.6152026, 13.9920107
100.6172679, 13.9771877
100.552281, 13.8004061
100.5521973, 13.8011238
100.5358888, 13.8045742
100.5374312, 13.8038293
100.5375857, 13.8037376
100.539189, 13.8030543
100.5372889, 13.7979591
100.534934, 13.8026493
100.5244014, 13.7833653
100.5243066, 13.7834134
100.5188715, 13.7260043
100.519228, 13.7231935
100.5389875, 13.6652194
100.539723, 13.6652799
100.6451479, 13.7519614
100.6506926, 13.7491344
100.6747884, 13.8305043
100.6748255, 13.8298814
100.6750867, 13.8304304
100.6738313, 13.8518321
100.6731446, 13.8519654
100.6745767, 13.8301067
100.6475028, 13.8120696
100.6477035, 13.8122124
100.7100379, 13.9416799
100.7129692, 13.9849622
100.7136686, 13.9849347
100.7105384, 13.9343333
100.4949883, 13.8670678
100.4946403, 13.8659179
100.6089956, 13.9666846
100.6058556, 13.9672985
100.5087611, 13.680464
100.5087137, 13.6804216
100.598644, 13.9923067
100.599073, 13.9923594
100.5886212, 13.7049852
100.5913449, 13.6825412
100.583643, 13.7094945
100.5662569, 13.7141861
100.5584997, 13.7173497
100.5140077, 13.6774261
100.5098415, 13.6709929
100.6826807, 13.649981
100.6916091, 13.6571904
100.6990199, 13.6801515
100.6990233, 13.6804566
100.6992561, 13.695429
100.7119164, 14.0107169
100.7100833, 14.0499383
100.6994065, 13.7028133
100.6998787, 13.7124993
100.6992597, 13.6956999
100.6993927, 13.702492
100.6999143, 13.7132426
100.6998457, 13.7157011
100.7010222, 13.7181834
100.7008738, 13.7157419
100.7004885, 13.713146
100.7001241, 13.7025723
100.6997348, 13.6800722
100.6996287, 13.6741254
100.6999865, 13.6953596
100.6997403, 13.6803453
100.6999879, 13.6956211
100.7001171, 13.7022893
100.7005061, 13.7138433
100.5540476, 13.7135932
100.5527126, 13.7196363
100.6996065, 13.6724741
100.6927338, 13.6574542
100.6997963, 13.6838849
100.7066755, 13.6824616
100.7069898, 13.6824189
100.7184716, 13.6790325
100.7186755, 13.67897
100.7229137, 13.6778238
100.7408138, 13.7224041
100.7405907, 13.7158469
100.6412935, 13.850695
100.637846, 13.9003794
100.6943913, 13.661021
100.6923071, 13.6568579
100.6917954, 13.6574521
100.6929977, 13.6591067
100.6877672, 13.6482711
100.687862, 13.6479382
100.6885492, 13.64686
100.7104186, 13.6362464
100.7221055, 13.6761031
100.7093529, 13.6351001
100.7108708, 13.6371607
100.7109453, 13.6370364
100.7101047, 13.6346603
100.7104959, 13.6361995
100.7088443, 13.6330129
100.7087531, 13.6330605
100.713659, 13.6453347
100.713827, 13.645299
100.7164124, 13.6554747
100.7166146, 13.6554131
100.7204127, 13.6694199
100.720612, 13.6693677
100.7222049, 13.6764263
100.7389966, 13.722395
100.7222353, 13.6760525
100.7223224, 13.6763391
100.7083249, 13.6323851
100.7092658, 13.6344712
100.7098167, 13.6341756
100.708451, 13.6323324
100.7080179, 13.6314547
100.7378428, 13.7226319
100.7404807, 13.7205303
100.7399793, 13.7217806
100.7403298, 13.7225279
100.746624, 13.7160308
100.7436488, 13.7169792
100.7404896, 13.71973
100.7371801, 13.7225267
100.7100394, 13.6351565
100.709815, 13.6352968
100.6998321, 13.7194934
100.6433951, 13.6778012
100.6436101, 13.6777987
100.6485379, 13.6777219
100.6487579, 13.6777203
100.5707428, 13.7129007
100.5971619, 13.5974454
100.5970623, 13.5923014
100.5964874, 13.5935876
100.6926224, 13.6572971
100.6919065, 13.6576083
100.6354383, 13.7522518
100.6353691, 13.7520535
100.5530528, 13.722778
100.5508548, 13.7426304
100.5462745, 13.8111649
100.5481678, 13.8094154
100.7328433, 13.6990594
100.7326084, 13.6991683
100.5701611, 14.0006962
100.5719711, 14.0071712
100.5995482, 13.9858014
100.5937547, 14.0280817
100.615404, 14.0066644
100.607646, 13.9330709
100.6080361, 13.9414692
100.5838765, 13.9160651
100.5841636, 13.91663
100.4960571, 13.6843061
100.4945054, 13.6806973
100.5012567, 13.7479831
100.5017113, 13.7516524
100.5187563, 13.6247523
100.4712009, 13.6258892
100.3651337, 13.5971563
100.365892, 13.5824288
100.5609385, 13.8479855
100.5559507, 13.8387874
100.6634962, 14.0495917
100.6618619, 13.9947466
100.702332, 13.7426883
100.7022868, 13.7467849
100.6763336, 13.8315336
100.6820317, 13.7933446
100.6770373, 13.8128242
100.6882849, 13.7797647
100.6915154, 13.770734
100.6928474, 13.7666912
100.691914, 13.7685204
100.7011774, 13.7514259
100.6967652, 13.7595409
100.696455, 13.7601023
100.6918075, 13.7701718
100.6927689, 13.7684382
100.6905653, 13.7708833
100.6857942, 13.7791961
100.7020376, 13.7492032
100.6931483, 13.7661588
100.6930533, 13.7678582
100.6933577, 13.7672799
100.6968961, 13.7607748
100.6908779, 13.7703351
100.703007, 13.746544
100.7050126, 13.7344779
100.7023049, 13.7507576
100.6971964, 13.7602234
100.6970634, 13.9217763
100.7014725, 13.9219157
100.7765436, 13.7188789
100.7763617, 13.7188708
100.7763342, 13.7217484
100.746631, 13.7283867
100.746736, 13.7263833
100.7467243, 13.7204449
100.7467511, 13.7174459
100.7765282, 13.721751
100.7478931, 13.7185572
100.7464148, 13.756129
100.7462977, 13.7561182
100.7417097, 13.7306423
100.7465671, 13.7307576
100.7423279, 13.716795
100.7415215, 13.7170047
100.7481538, 13.7150268
100.7409652, 13.7167061
100.7427188, 13.7172144
100.7405954, 13.7191229
100.744553, 13.7174143
100.7411205, 13.7163908
100.7480766, 13.714845
100.7470955, 13.7153247
100.7434433, 13.7167502
100.7407423, 13.7181766
100.7434068, 13.7170548
100.7920681, 13.7328001
100.7666575, 13.7315247
100.7468892, 13.7302684
100.753825, 13.7301385
100.413244, 13.8370779
100.3770113, 13.8198909
100.3659563, 13.5813911
100.3654131, 13.579392
100.365397, 13.5790478
100.364631, 13.5588199
100.3656491, 13.5778224
100.3500854, 13.572348
100.5212391, 13.5915896
100.5242766, 13.5870111
100.4135598, 13.6375695
100.4148272, 13.6352725
100.4345771, 13.6271267
100.4144596, 13.6350759
100.4147174, 13.6346427
100.4935298, 13.8646233
100.4948944, 13.8672614
100.4963975, 13.8818723
100.4949692, 13.8672293
100.493604, 13.8645902
100.5147564, 13.8779267
100.4964538, 13.8817483
100.4922306, 13.8425423
100.4921735, 13.8427658
100.4957504, 13.8686873
100.494004, 13.8662447
100.4956426, 13.8687435
100.7211141, 13.7545297
100.7216163, 13.7545588
100.7038408, 13.7532538
100.7016387, 13.7521137
100.7049077, 13.7536918
100.7062375, 13.7536629
100.7268109, 13.75487
100.7092523, 13.7536262
100.7061319, 13.7534391
100.7046775, 13.7533155
100.7040711, 13.7536356
100.4260211, 13.6868488
100.4271036, 13.6746512
100.4210686, 13.7046571
100.4211801, 13.6983286
100.4208272, 13.7081802
100.4208272, 13.7079874
100.4207843, 13.7062415
100.4692961, 13.7082384
100.4692098, 13.7080688
100.4617325, 13.7407513
100.4705506, 13.741409
100.4244725, 13.7414364
100.4316191, 13.7390353
100.4614634, 13.7407413
100.413097, 13.6436043
100.363825, 13.7783056
100.3516314, 13.7778385
100.5987533, 13.8441838
100.5893263, 13.8551205
100.4893595, 13.6843141
100.4912909, 13.6883284
100.352069, 13.8217274
100.3731306, 13.7080096
100.3501511, 13.756638
100.3502073, 13.7780959
100.3638182, 13.7786143
100.7597417, 13.5029961
100.7547329, 13.5576741
100.4241762, 13.7415139
100.41378, 13.7433382
100.3551316, 13.7462042
100.3554996, 13.746326
100.4056512, 13.7443052
100.6990901, 13.5602933
100.6990853, 13.5604537
100.7435969, 13.5047815
100.7437021, 13.5053068
100.7671351, 13.6064554
100.7627481, 13.5979928
100.4212147, 13.6981491
100.5483544, 13.7977837
100.3504621, 13.6250923
100.3526752, 13.622074
100.5913479, 13.682151
100.591178, 13.6761819
100.7833331, 13.7304713
100.7859319, 13.7340448
100.7995674, 13.7580822
100.709101, 13.9220337
100.7223658, 13.8782384
100.7037566, 13.9220604
100.7069343, 13.9221288
100.6820926, 13.8766171
100.6821668, 13.8767579
100.6978358, 13.9069878
100.6981403, 13.9075666
100.7068597, 13.9309561
100.6972102, 13.901054
100.6927561, 13.8953961
100.4485362, 13.7822302
100.4497815, 13.7812203
100.4533496, 13.7783257
100.4561968, 13.7760826
100.4651904, 13.7786095
100.4737986, 13.7639672
100.4626987, 13.7857827
100.4772928, 13.8026898
100.4755788, 13.7917339
100.7801846, 13.7236674
100.7801756, 13.7245212
100.7780378, 13.7283663
100.6343008, 13.7106435
100.63649, 13.7043107
100.6378702, 13.7017534
100.6379011, 13.7015808
100.6384188, 13.6985447
100.6367218, 13.7040142
100.6380028, 13.6890885
100.6352253, 13.689103
100.6382022, 13.6890915
100.6380873, 13.689095
100.6401205, 13.689436
100.6375226, 13.6981619
100.5008513, 13.7519273
100.4981848, 13.7514884
100.4976471, 13.7472266
100.5024931, 13.7593792
100.5027133, 13.7597816
100.5028784, 13.7600469
100.5066087, 13.766336
100.5131446, 13.7798381
100.4989432, 13.7571769
100.4982071, 13.7516689
100.4974013, 13.7453103
100.4997461, 13.747116
100.5004451, 13.7517104
100.5299539, 13.7934507
100.5259481, 13.7704704
100.5272193, 13.7736341
100.5517793, 13.8845853
100.5542449, 13.8952131
100.4950497, 13.7427102
100.497661, 13.7418735
100.496988, 13.7420894
100.4214546, 13.7034488
100.4586003, 13.7172724
100.472843, 13.7626702
100.4777872, 13.7602582
100.477804, 13.7598955
100.477958, 13.755588
100.4864994, 13.7561806
100.44126, 13.8602397
100.4394749, 13.8601207
100.488504, 13.85489
100.4899849, 13.8560939
100.4930184, 13.8561735
100.4927658, 13.8562863
100.4931768, 13.8566861
100.4452308, 13.8488486
100.4437574, 13.8494935
100.4496414, 13.8466975
100.4474388, 13.8477427
100.4375141, 13.977804
100.3971997, 13.984756
100.5718002, 14.0088516
100.5622489, 14.0321377
100.5878418, 13.902219
100.58607, 13.8982636
100.5801847, 13.9058129
100.595036, 13.8419055
100.6044078, 13.8480252
100.6357578, 13.9222017
100.634657, 13.9222634
100.6341121, 13.9226297
100.6341871, 13.9225973
100.6872116, 13.9215353
100.6838818, 13.9214613
100.6837378, 13.9305001
100.4446134, 13.9721307
100.4470848, 13.948895
100.5069004, 13.607919
100.5107327, 13.6112894
100.42086, 13.7116825
100.5349513, 13.7834733
100.5341531, 13.7814005
100.6272109, 13.7973123
100.6482574, 13.802045
100.6291526, 13.7750865
100.5088102, 13.7286297
100.4926255, 13.7247112
100.6850503, 13.7869461
100.6852455, 13.7861041
100.6846466, 13.7884403
100.6849438, 13.787407
100.6819958, 13.7817484
100.6831596, 13.7825325
100.6864562, 13.7840749
100.6841423, 13.7914604
100.7143007, 13.9338462
100.7113588, 13.9336589
100.6149113, 14.0067933
100.6165387, 14.049543
100.6169898, 14.0495551
100.6206848, 13.9582718
100.5134277, 13.7633138
100.5380372, 13.7971166
100.5377977, 13.7972555
100.6897907, 13.799114
100.6866505, 13.8139731
100.6757095, 13.8233967
100.6819682, 13.7973554
100.4741545, 13.7894006
100.474288, 13.790643
100.5113818, 13.8869446
100.5148707, 13.8869323
100.5156848, 13.8867075
100.5148955, 13.8868494
100.4820399, 13.8712945
100.482042, 13.8709681
100.4083036, 13.8887157
100.4077366, 13.8887726
100.3537934, 13.946417
100.3507357, 13.9486089
100.4073854, 13.9063477
100.4056868, 13.9066713
100.4100295, 13.9151266
100.4065004, 13.9149062
100.4311126, 13.8925687
100.4092215, 13.8885482
100.4024916, 13.8522942
100.4021982, 13.8522218
100.4114137, 13.855925
100.3790113, 13.8480496
100.3795938, 13.8482256
100.3504296, 13.8421014
100.3999703, 13.8520754
100.3944825, 13.8459711
100.3943001, 13.8460336
100.3800147, 13.8437418
100.3512453, 13.8402364
100.4124944, 13.8448515
100.3906729, 13.8604657
100.3508098, 13.8231512
100.3804599, 13.8437887
100.4106453, 13.8038555
100.3500544, 13.811462
100.3975992, 13.8067476
100.3575002, 13.8033509
100.5359333, 13.7621244
100.536502, 13.7618721
100.5364818, 13.7618362
100.5060822, 13.7563043
100.505954, 13.7562319
100.4136902, 13.7433465
100.5371734, 13.881592
100.5391931, 13.8810999
100.5313687, 13.8825021
100.6069446, 13.7953211
100.6087532, 13.8241218
100.5695609, 13.5736009
100.569073, 13.5734822
100.5648498, 13.7082782
100.5651668, 13.7146197
100.6701644, 13.7451421
100.6928176, 13.7392105
100.7015194, 13.7470766
100.5334404, 13.6881615
100.546886, 13.6791323
100.5688622, 13.6860341
100.5969749, 13.6492524
100.5026991, 13.5448317
100.5141258, 13.5438106
100.5972156, 13.5905315
100.6047835, 13.5756996
100.5370359, 13.5556519
100.5370976, 13.5559788
100.5305584, 13.5498794
100.5309944, 13.5500143
100.5346408, 13.5511586
100.534835, 13.5512242
100.5968967, 13.5918941
100.5530388, 13.5667541
100.5533555, 13.567002
100.5145063, 13.5439956
100.5736486, 13.5722513
100.5414404, 13.5595746
100.5253372, 13.5609368
100.504317, 13.5539694
100.5029668, 13.5534979
100.5264044, 13.5612826
100.5740399, 13.5747079
100.5882894, 13.6263356
100.5920132, 13.5753973
100.5898846, 13.5600623
100.5970481, 13.5905153
100.5891578, 13.5545963
100.5881116, 13.6766588
100.5881351, 13.6767731
100.6066395, 13.6732325
100.6065945, 13.6731107
100.6086922, 13.6903
100.6256802, 13.6961453
100.6582361, 13.6191864
100.7004463, 13.6079853
100.635922, 13.6281311
100.6361803, 13.6280296
100.6580405, 13.6192395
100.6516691, 13.6210301
100.7421204, 13.8198053
100.7323469, 13.8500247
100.5347731, 14.0178038
100.5078949, 14.0247987
100.5071634, 14.0254082
100.5347169, 14.0179249
100.5514659, 13.7106563
100.5194638, 13.6682791
100.517604, 13.6743185
100.5173939, 13.6748979
100.5335989, 13.7307169
100.4697402, 13.7182921
100.4871442, 13.727226
100.5271157, 13.7285399
100.5281654, 13.7264018
100.4858362, 13.7687724
100.4869755, 13.7699763
100.490269, 13.7728345
100.4859346, 13.7686596
100.3730081, 13.8187063
100.3648699, 13.8404126
100.436288, 13.8488986
100.4245512, 13.8518522
100.4823259, 13.8604597
100.4877123, 13.8546734
100.4822338, 13.8604582
100.482226, 13.8608384
100.48232, 13.8608442
100.4903743, 13.8500355
100.4903328, 13.8497855
100.4902357, 13.8498086
100.4902781, 13.8500569
100.4848371, 13.8549869
100.4820539, 13.8704875
100.4816641, 13.8706804
100.4823488, 13.8709791
100.4819418, 13.8704895
100.481941, 13.8706942
100.4502277, 13.801884
100.4773469, 13.8028784
100.4792982, 13.8246746
100.475689, 13.8470802
100.4401896, 13.8455103
100.449984, 13.8564327
100.5201424, 13.7859553
100.5180033, 13.7819187
100.5217397, 13.9225423
100.5206951, 13.9216817
100.4310218, 13.9118129
100.4323171, 13.9243503
100.4960487, 13.9137468
100.5015268, 13.9200501
100.5255744, 13.9398117
100.5256981, 13.9399275
100.5291703, 13.9424337
100.6292873, 13.6309421
100.6412371, 13.8637197
100.6519371, 13.8816036
100.5098186, 13.7812589
100.74645, 13.9348014
100.752867, 14.011453
100.6079211, 13.9329755
100.6030196, 13.9237963
100.5332344, 13.8056621
100.53369, 13.8076939
100.56685, 13.9331113
100.567526, 13.9349638
100.6441149, 13.8196115
100.6345533, 13.8201908
100.6343791, 13.8201927
100.6266479, 13.8218075
100.6862315, 13.8361953
100.6865945, 13.8363394
100.6853815, 13.8813812
100.6931891, 13.8589942
100.6748274, 13.8299787
100.5541667, 13.7484162
100.6740735, 13.8363527
100.6615624, 13.8390996
100.670295, 13.8523683
100.7067787, 13.8688771
100.7072228, 13.8605138
100.6728688, 13.8453475
100.6737895, 13.8374124
100.6747269, 13.8542154
100.7225178, 13.8618974
100.5845013, 13.7201032
100.5892751, 13.7395736
100.5889533, 13.7022925
100.6004063, 13.706615
100.4691139, 13.7184043
100.4594235, 13.7175961
100.4672576, 13.6989984
100.5181536, 13.730611
100.5992126, 13.7496747
100.5966923, 13.7421675
100.6424395, 13.9502389
100.6443324, 13.9898235
100.5274788, 13.7742826
100.5207167, 13.7765314
100.5050434, 13.7561759
100.5019438, 13.7570768
100.513969, 13.7815032
100.5204612, 13.776645
100.499345, 13.7451445
100.5720812, 13.8339795
100.588966, 13.8325095
100.7797248, 14.0374139
100.7797542, 14.0373046
100.682707, 13.9327581
100.6853282, 13.9861867
100.7745096, 13.9442392
100.7798971, 14.0367728
100.7802528, 13.7219921
100.5936551, 13.7947866
100.596636, 13.8035655
100.6382336, 13.8516328
100.6343628, 13.8404408
100.6271337, 13.7552907
100.5985054, 13.7377316
100.5941931, 13.7131864
100.6486855, 13.7629865
100.6481588, 13.7648871
100.6480541, 13.7652824
100.6478553, 13.766294
100.5987277, 13.7385782
100.5872385, 13.8594483
100.588762, 13.8576579
100.6105982, 13.6843284
100.635218, 13.6864514
100.6375969, 13.6778987
100.5499079, 13.8774117
100.5453307, 13.857312
100.5448592, 13.8554258
100.5500955, 13.8773816
100.5449326, 13.8559529
100.544738, 13.856146
100.5142986, 13.782173
100.5150302, 13.7835606
100.6121794, 13.7947944
100.5369462, 13.7971146
100.5384901, 13.79666
100.5283909, 13.7761755
100.529712, 13.7797704
100.5521795, 13.8284043
100.548258, 13.8090493
100.5416312, 13.8399385
100.541331, 13.8398851
100.5550892, 13.8390176
100.5542139, 13.8391774
100.5571401, 13.8378238
100.5417438, 13.8399599
100.4926532, 13.8628934
100.4937952, 13.865903
100.4945401, 13.8655044
100.492748, 13.8628493
100.5733822, 13.7553676
100.5156433, 13.7301769
100.526793, 13.7321352
100.5280951, 13.7288439
100.5530017, 13.7196877
100.5532019, 13.7187002
100.5525581, 13.7227789
100.5527719, 13.7215317
100.5523682, 13.7228648
100.5915056, 13.8215824
100.5901405, 13.8063763
100.5905425, 13.8040715
100.5972214, 13.7982683
100.5958551, 13.7992531
100.5963536, 13.8249936
100.5916573, 13.8244036
100.589943, 13.7888965
100.5804439, 13.7895523
100.558093, 13.7173117
100.554964, 13.7603444
100.5547299, 13.75967
100.5119183, 13.7908854
100.5146414, 13.7893711
100.5083805, 13.7873474
100.5117832, 13.7853424
100.5171883, 13.7802245
100.5056364, 13.7796402
100.5070412, 13.7826214
100.5310892, 13.7750275
100.5286776, 13.7760207
100.5008083, 13.745898
100.5020057, 13.7519071
100.5087399, 13.7519263
100.5452072, 13.7026785
100.5543073, 13.7133745
100.5542861, 13.7114329
100.4964622, 13.7453865
100.4963982, 13.751279
100.4961688, 13.7454327
100.506227, 13.7552836
100.4950828, 13.7426879
100.4986501, 13.7415868
100.5001563, 13.7413362
100.4981097, 13.7417482
100.5389559, 13.8303157
100.5390095, 13.8305374
100.536055, 13.8178138
100.5204168, 13.8163276
100.5326084, 13.8219663
100.5204768, 13.8163483
100.5392914, 13.8037274
100.5457947, 13.7340131
100.5367899, 13.7976874
100.5331632, 13.7993718
100.4918987, 13.842459
100.5551067, 13.8391111
100.5573697, 13.8392267
100.5495711, 13.8399338
100.5542298, 13.8392793
100.5098019, 13.8410923
100.5087591, 13.8396773
100.5080129, 13.8388231
100.5087242, 13.8400025
100.5448096, 13.7569908
100.5478936, 13.7637653
100.5548357, 13.7603997
100.5533938, 13.7564261
100.5533085, 13.756219
100.5984235, 13.9161325
100.6084431, 13.9326626
100.6080251, 13.9415605
100.5696179, 13.8641931
100.6207673, 13.9574941
100.621144, 13.9580126
100.6145372, 13.9929528
100.5929963, 13.9054679
100.6077166, 13.9414545
100.6071638, 13.9426819
100.5275529, 13.7660403
100.5358578, 13.7621596
100.6878342, 13.7340163
100.687464, 13.7340515
100.6747934, 13.7354868
100.7028486, 13.7278764
100.7006046, 13.7308297
100.7492705, 13.7281126
100.7462454, 13.7280499
100.49278, 13.7524609
100.4923777, 13.7524502
100.4894977, 13.7523663
100.4924894, 13.7567523
100.4916921, 13.7605983
100.4938639, 13.7580429
100.4942538, 13.7470696
100.650953, 13.7490365
100.4941476, 13.7576942
100.4917863, 13.7542943
100.5037173, 13.7696076
100.5004724, 13.7718525
100.5061723, 13.7668095
100.4982237, 13.7621989
100.4957465, 13.7637472
100.4921383, 13.7722309
100.4935588, 13.7524501
100.4957619, 13.753203
100.4959326, 13.752434
100.5014409, 13.7549485
100.5017196, 13.7560848
100.4961489, 13.7472636
100.4950586, 13.7571694
100.4875185, 13.7421686
100.4837955, 13.7404
100.5587186, 13.8150187
100.5585264, 13.815404
100.5585442, 13.8162567
100.5586026, 13.8165365
100.5588781, 13.8148437
100.5583977, 13.8150158
100.5583124, 13.8163869
100.515591, 13.7369501
100.5170821, 13.7532621
100.5169734, 13.7547293
100.5170667, 13.7530389
100.6026922, 13.985091
100.6025503, 13.9857586
100.3837005, 14.0305696
100.3835014, 14.0466885
100.5237271, 13.9243418
100.5203019, 13.9247022
100.51767, 13.9386044
100.6042439, 13.8483995
100.6146258, 13.8645309
100.5894056, 13.8550838
100.5988491, 13.844226
100.588687, 13.8576271
100.5869202, 13.8588689
100.5155282, 13.7375295
100.5010929, 13.747044
100.4949079, 13.7573409
100.4949286, 13.7570583
100.5170213, 13.7798566
100.5149422, 13.7754587
100.5175337, 13.7875568
100.5278969, 13.7752672
100.4958467, 13.7578947
100.5241628, 13.7834973
100.5306914, 13.7806194
100.528, 13.7744338
100.5309498, 13.7815289
100.5344931, 13.7915931
100.5354136, 13.7933102
100.5303479, 13.7810279
100.50879, 13.7639535
100.5096218, 13.7631037
100.4988963, 13.7680688
100.5029401, 13.7650002
100.5061083, 13.7606117
100.4940929, 13.7705675
100.4939471, 13.7704691
100.4937815, 13.7704922
100.4919572, 13.7720698
100.5007252, 13.7817408
100.4997278, 13.7822052
100.4997959, 13.7823398
100.500773, 13.7819493
100.5043168, 13.7802236
100.5132175, 13.7634742
100.5119829, 13.7613461
100.5146772, 13.7735672
100.5147875, 13.7738054
100.5154469, 13.7752232
100.5142761, 13.7723891
100.5160269, 13.7573192
100.7979507, 13.7558525
100.7978408, 13.7557093
100.7942044, 13.7504927
100.7772991, 13.7524683
100.7571398, 13.7549198
100.7534491, 13.7554218
100.7546477, 13.7551433
100.5179838, 13.7227371
100.519452, 13.7188057
100.5185817, 13.7185628
100.4993194, 13.7515916
100.4963272, 13.7512719
100.5009341, 13.752247
100.5011285, 13.7534265
100.4961042, 13.7512497
100.4963995, 13.7453956
100.5019579, 13.7517491
100.5015166, 13.7516603
100.5019452, 13.7516898
100.4819314, 13.870962
100.4819201, 13.871297
100.4820492, 13.870694
100.5965643, 13.742183
100.5991361, 13.7497005
100.5956009, 13.9105796
100.7680315, 13.6077767
100.7665553, 13.6067324
100.7671937, 13.6080662
100.5975398, 13.6000593
100.5974535, 13.6003243
100.5493198, 13.8114663
100.5483571, 13.7976023
100.5457591, 13.813168
100.5564296, 13.8387634
100.5448478, 13.7494456
100.5463865, 13.7537583
100.5896887, 13.7407562
100.6007506, 13.7408638
100.5162173, 13.7254049
100.7463692, 13.7279576
100.5978492, 13.6001365
100.5652269, 13.7147698
100.4941853, 13.7418297
100.4061399, 13.7442259
100.6442312, 13.9903962
100.6442141, 13.9904931
100.6032907, 13.9801964
100.6031927, 13.9810015
100.7004705, 13.7542644
100.5934502, 13.7688698
100.5939975, 13.7687165
100.6009216, 13.7673027
100.5817062, 13.9102967
100.5809418, 13.9103709
100.7999547, 13.7584378
100.7859986, 13.7339867
100.7833311, 13.7303823
100.5789751, 13.8812108
100.5761087, 13.8759697
100.5987147, 13.9161933
100.5101359, 13.808886
100.4643154, 13.7882247
100.4613581, 13.7875479
100.5042147, 13.8027999
100.4946925, 13.7979726
100.4344852, 13.7941752
100.4483264, 13.7853639
100.4676901, 13.7889563
100.441018, 13.7878795
100.4339892, 13.7938077
100.4735038, 13.7903825
100.4756878, 13.7911309
100.4733513, 13.7909426
100.5121058, 13.8868814
100.5684363, 13.9326241
100.5670559, 13.9133448
100.5858575, 13.9272141
100.5848797, 13.9208957
100.5675916, 13.9138785
100.5692712, 13.9127951
100.575318, 13.9112464
100.5755658, 13.9197273
100.5848549, 13.9208078
100.7221559, 13.858866
100.7290147, 13.8594236
100.6043013, 13.9672054
100.5848787, 13.9625407
100.516773, 13.7491063
100.5333937, 13.6880529
100.4590849, 13.717546
100.4588384, 13.7180849
100.4509669, 13.7802426
100.4447772, 13.7852245
100.550034, 13.8773852
100.4274258, 13.9102826
100.4270253, 13.9100732
100.4257904, 13.9093594
100.4712346, 13.9018906
100.4607041, 13.8892967
100.3813601, 13.9887238
100.3813114, 13.9946497
100.3814397, 13.9883642
100.3814256, 13.9885085
100.3813387, 13.9948638
100.3836438, 14.0301656
100.3970408, 13.9843687
100.392224, 13.9754934
100.438019, 13.977533
100.3557833, 13.8726011
100.3758576, 13.8714325
100.3502032, 13.9903046
100.3502414, 13.9648203
100.4088369, 13.8885881
100.6077561, 13.9438105
100.6072021, 13.9484484
100.5739905, 13.9544601
100.566952, 13.9330799
100.5761134, 13.9615734
100.5245191, 13.7499033
100.5268886, 13.7549767
100.4993391, 13.7677661
100.4993887, 13.7678522
100.4959281, 13.6795297
100.4941203, 13.6593308
100.6997385, 13.6042781
100.7007422, 13.6089574
100.7017372, 13.6109974
100.7004663, 13.6073607
100.7004772, 13.6040959
100.5820738, 13.7103714
100.5459029, 13.7341328
100.6875552, 13.734569
100.6879265, 13.7345266
100.6650775, 13.7373524
100.665469, 13.7373333
100.6746016, 13.7360527
100.674887, 13.7360098
100.6592718, 13.7377703
100.695294, 13.7337046
100.6957585, 13.7336554
100.6588034, 13.7378287
100.6540826, 13.7392017
100.7013376, 13.7337712
100.6580366, 13.7380165
100.6542793, 13.7391458
100.654263, 13.7390365
100.6541811, 13.7391745
100.5685543, 13.7483564
100.5901661, 13.7418379
100.5848651, 13.7452614
100.5783247, 13.7467223
100.5784924, 13.7469876
100.5685838, 13.7491986
100.5970718, 13.7433545
100.5970433, 13.743263
100.5703757, 13.7521677
100.5697823, 13.7521819
100.5705936, 13.7523446
100.5713808, 13.7524049
100.571173, 13.7522156
100.572412, 13.7525956
100.5724474, 13.752381
100.5695665, 13.7523461
100.6749536, 13.8542882
100.6744771, 13.8534386
100.7082376, 13.9308192
100.7056952, 13.9218843
100.6726769, 13.8508321
100.6347849, 13.8397462
100.648221, 13.8116104
100.6554489, 13.887161
100.6868519, 13.9215238
100.6530067, 13.8832964
100.654505, 13.8856674
100.6001994, 13.7405832
100.6006801, 13.7409266
100.6751526, 13.8544043
100.6749104, 13.8546213
100.6996733, 13.9081144
100.6752973, 13.8554676
100.6912026, 13.896726
100.6887573, 13.8879015
100.6751034, 13.856794
100.6170963, 13.7408988
100.6376463, 13.7387849
100.601527, 13.7426266
100.5969225, 13.7431552
100.5969, 13.7430828
100.5798879, 13.7107467
100.7004801, 13.6074515
100.5498139, 13.8399469
100.5498094, 13.8398276
100.5412528, 13.8398932
100.7798778, 14.0368445
100.7970101, 14.0432165
100.7971819, 14.0427295
100.7969663, 14.0433302
100.7971923, 14.0426713
100.6985554, 14.0433476
100.7076753, 14.0088842
100.7020165, 14.0065448
100.6978298, 14.0258394
100.5607533, 14.035686
100.6026256, 13.9858912
100.7069369, 13.922012
100.7037593, 13.9219436
100.6874987, 13.921542
100.634688, 13.9223887
100.6340614, 13.922324
100.633943, 13.9223421
100.6707511, 13.8525399
100.6709955, 13.8526115
100.6710822, 13.8525351
100.670786, 13.8524585
100.6725237, 13.8524144
100.6732892, 13.8524227
100.6730906, 13.848558
100.6739109, 13.8520327
100.712847, 13.9910492
100.6829846, 13.8767514
100.6826941, 13.8761853
100.673988, 13.8522268
100.6729037, 13.8457882
100.6884675, 13.8873418
100.6990474, 13.9071317
100.675648, 13.8563175
100.6760276, 13.8576263
100.7081534, 14.0020744
100.6728483, 13.836559
100.6719188, 13.8418477
100.6750879, 13.8198817
100.6737837, 13.8254591
100.6878466, 13.8876968
100.6881347, 13.8882657
100.6720419, 13.8438933
100.6721706, 13.8457353
100.6722027, 13.8461921
100.7067625, 13.9337596
100.7076636, 14.0004825
100.6825049, 13.8773754
100.6755035, 13.8182195
100.7089059, 13.8029927
100.7055995, 13.8126613
100.6908742, 13.7962398
100.6913907, 13.7953116
100.6912379, 13.7952499
100.6906384, 13.7964377
100.5540665, 13.7481066
100.552923, 13.7422028
100.7476548, 13.7559469
100.7209037, 13.7542261
100.7090463, 13.7537985
100.7082254, 13.7324251
100.7084781, 13.7323896
100.6999814, 13.7322582
100.6954673, 13.7331543
100.7392311, 13.7290452
100.7032919, 13.7303856
100.7046912, 13.7315906
100.6821198, 13.7968371
100.6833065, 13.79311
100.6833772, 13.782663
100.6840355, 13.785482
100.6832744, 13.7883327
100.6794486, 13.7902006
100.6838376, 13.7863556
100.7014202, 13.7509427
100.6835248, 13.7875252
100.6250743, 13.9234365
100.6322476, 13.919366
100.6837562, 13.9311226
100.6837436, 13.9326443
100.6249152, 13.9235277
100.6249863, 13.9236506
100.6990131, 13.7213497
100.4306827, 13.7965444
100.4261002, 13.7987612
100.4310988, 13.7968377
100.4768008, 13.5568661
100.4765757, 13.5603792
100.4398285, 13.5747677
100.454692, 13.5627521
100.4901452, 13.561739
100.4843572, 13.569573
100.4507589, 13.5721641
100.4699892, 13.5775272
100.4533126, 13.5732978
100.4699035, 13.5803517
100.7465619, 13.7318516
100.7468967, 13.728012
100.5405932, 13.8074012
100.5543061, 13.895467
100.5634005, 13.9342965
100.5114073, 13.8868777
100.7603439, 13.6111075
100.7960354, 13.6689729
100.5904762, 13.8321
100.5917787, 13.8318584
100.5077333, 13.5926434
100.5065791, 13.59734
100.4988464, 13.7471483
100.7423769, 13.7169092
100.7406685, 13.7180047
100.743651, 13.7168731
100.7464835, 13.7187858
100.7423931, 13.7167989
100.7425992, 13.7166842
100.746454, 13.7282689
100.7397045, 13.7142943
100.7476459, 13.7183203
100.740751, 13.7159907
100.7411671, 13.7163377
100.7453602, 13.7171843
100.6539598, 13.7385919
100.6578522, 13.7374992
100.7462942, 13.7180186
100.7388682, 13.729047
100.7248883, 13.7299413
100.7538441, 13.7293926
100.7388565, 13.7296911
100.739223, 13.7297167
100.7240853, 13.7300237
100.7238355, 13.7305819
100.7241033, 13.7305524
100.7543968, 13.7294023
100.7084269, 13.7315526
100.7081756, 13.7315555
100.7238168, 13.7300599
100.7543732, 13.7301511
100.7666512, 13.7320464
100.7980396, 13.7341014
100.7629043, 13.7308969
100.7583562, 13.7294489
100.7604392, 13.7308255
100.7628852, 13.7314469
100.742516, 13.7306086
100.6745161, 13.7355276
100.6584241, 13.7373767
100.6950065, 13.7332096
100.6588824, 13.7372932
100.6654688, 13.7367938
100.6650889, 13.7368214
100.649063, 13.739653
100.7266628, 13.7296816
100.5969863, 13.5906536
100.5962794, 13.5911222
100.5960408, 13.5912694
100.5122566, 13.7404145
100.3697782, 13.8809638
100.3543728, 13.8034239
100.3528994, 13.8106168
100.5206434, 13.6249949
100.4071499, 13.6394691
100.4347843, 13.6271172
100.4390876, 13.6269243
100.6050632, 13.9658701
100.7535607, 14.0281835
100.7536065, 14.0280854
100.7537836, 14.0276754
100.7530573, 14.0132819
100.7526905, 14.0125528
100.7529735, 14.0130743
100.7530329, 14.0129152
100.75261, 14.0127762
100.7525709, 14.013134
100.7514992, 13.9355073
100.7318625, 13.8807751
100.7562755, 14.0294358
100.7556644, 14.0493013
100.753033, 14.0280979
100.7551578, 14.0496297
100.6858606, 13.9997844
100.6858897, 13.999659
100.6859423, 13.999266
100.4390692, 13.9807277
100.4476995, 14.043619
100.4494393, 14.046467
100.7990174, 14.0433966
100.7988524, 14.0273769
100.7917304, 13.9483324
100.7371958, 13.9302033
100.7853139, 13.7167961
100.7853858, 13.7219102
100.4457775, 13.5414412
100.4542867, 13.5427848
100.7811212, 13.9176916
100.7468653, 13.9116555
100.7469456, 13.9117858
100.7216941, 13.9105139
100.7364509, 13.9068559
100.7223917, 13.8618303
100.712596, 13.8609219
100.7125914, 13.8610443
100.7194069, 13.86165
100.7194149, 13.8615665
100.7072695, 13.860401
100.6976184, 13.8433597
100.6931893, 13.8588747
100.6963437, 13.8435176
100.738662, 13.8288977
100.7387591, 13.8289358
100.7406652, 13.8238234
100.7407472, 13.823855
100.7352086, 13.8387715
100.7353008, 13.8387944
100.7330007, 13.8473608
100.733128, 13.8473832
100.7317645, 13.8721259
100.7318877, 13.8721259
100.6952621, 13.859316
100.6952763, 13.8592061
100.6909924, 13.8586424
100.6910086, 13.8585429
100.7051783, 13.8603195
100.7051875, 13.8602059
100.7209957, 13.8465294
100.720861, 13.8465505
100.7224242, 13.8708377
100.7225776, 13.8708422
100.722439, 13.8779542
100.7212791, 13.8497026
100.7211473, 13.8496928
100.7204494, 13.8417042
100.720604, 13.8417099
100.459356, 13.8735016
100.4569837, 13.7754441
100.4727557, 13.7627514
100.5160852, 13.7566156
100.4494827, 13.6266023
100.4505174, 13.6265833
100.4403778, 13.6269053
100.4484254, 13.6266345
100.5429757, 13.7559448
100.5467646, 13.7588439
100.5206438, 13.7765635
100.4915464, 13.5544457
100.5352665, 13.6871862
100.5352899, 13.6872792
100.5452499, 13.6797228
100.5452129, 13.6796021
100.7450868, 13.6453339
100.7451919, 13.645289
100.7376814, 13.6277794
100.5663395, 13.7169099
100.5653203, 13.7145463
100.566099, 13.7167035
100.7961024, 13.6695592
100.7823181, 13.7029629
100.4318436, 13.7389237
100.5484931, 13.7977865
100.5511358, 13.8277597
100.5480838, 13.797594
100.5900652, 13.7418973
100.5481926, 13.7636946
100.5449267, 13.7570273
100.7324749, 13.8500765
100.7317424, 13.8793871
100.7317378, 13.8807646
100.7318718, 13.8793923
100.3580243, 13.9097367
100.3577912, 13.9097337
100.3505155, 13.9089077
100.3661681, 13.937716
100.3659766, 13.9378486
100.3570103, 13.9202837
100.3710529, 13.919446
100.3740254, 13.9269623
100.371924, 13.9104613
100.7294881, 13.859444
100.5469778, 13.7592315
100.5448568, 13.757482
100.5465943, 13.760382
100.6138307, 13.7590392
100.613846, 13.7590269
100.7319267, 13.8597528
100.5158295, 13.7571254
100.5157476, 13.7570606
100.385997, 13.4924867
100.3613709, 13.4993133
100.3856267, 13.5142181
100.3855914, 13.5134773
100.3856259, 13.5144399
100.385573, 13.5010945
100.3856164, 13.5004805
100.3856164, 13.5002261
100.3855837, 13.5132024
100.3855076, 13.5132053
100.3623837, 13.4880927
100.3849418, 13.5132269
100.3861209, 13.5131819
100.5278615, 13.7262931
100.526742, 13.7284237
100.3604323, 13.4992648
100.3514068, 13.5142392
100.3827345, 13.5144161
100.3872855, 13.5131774
100.5526494, 13.7523365
100.5421433, 13.7549028
100.3646069, 13.5586035
100.3722604, 13.5488593
100.3579542, 13.5142973
100.355762, 13.5259848
100.3559873, 13.5260057
100.367891, 13.5285248
100.367737, 13.5284823
100.3771126, 13.5352292
100.3766432, 13.5315862
100.3800523, 13.5326528
100.3773003, 13.5353387
100.383397, 13.5144161
100.3723945, 13.5485047
100.3775658, 13.5360741
100.3549413, 13.5261309
100.3548839, 13.5259736
100.4123292, 13.5224114
100.3776517, 13.5357195
100.6765278, 13.814863
100.6757973, 13.817259
100.6739128, 13.8254343
100.6738335, 13.826197
100.5574125, 13.6023819
100.5162218, 13.7456058
100.5278365, 13.7740438
100.5233208, 13.762751
100.5276531, 13.7746931
100.4054471, 13.9067103
100.4062703, 13.9148768
100.5561585, 13.5974467
100.3551183, 13.52599
100.350072, 13.5327173
100.5662355, 13.7169475
100.5662054, 13.7166626
100.5671508, 13.7190236
100.4825834, 13.8553111
100.4831162, 13.8555824
100.4785136, 13.8511551
100.4710715, 13.8449528
100.4710161, 13.8450989
100.4782217, 13.8513888
100.4823097, 13.8570145
100.4822338, 13.8589281
100.4900852, 13.8521568
100.4893602, 13.853004
100.4825615, 13.8566763
100.4823676, 13.8586222
100.482425, 13.8575052
100.4876109, 13.8544473
100.486123, 13.8549761
100.4901605, 13.8521496
100.4840422, 13.8556114
100.4823277, 13.8576169
100.4938358, 13.8562621
100.4961811, 13.8552558
100.4739409, 13.8468545
100.4474839, 13.8478565
100.4496474, 13.8468134
100.4636321, 13.8434013
100.4506451, 13.846379
100.4510814, 13.8459944
100.4905539, 13.8510737
100.4816733, 13.8551196
100.4228806, 13.7989485
100.5794645, 13.723669
100.5820908, 13.7324493
100.792729, 13.9188556
100.7937454, 13.91874
100.7922961, 13.9188808
100.6518112, 13.6209884
100.4321921, 13.9244198
100.4450795, 13.9481115
100.6043452, 13.8481731
100.6004903, 13.8816857
100.6005333, 13.8817603
100.5581914, 13.7174808
100.7770819, 13.7524954
100.7546556, 13.755284
100.7534245, 13.7552747
100.7773959, 13.7526501
100.7943067, 13.7506734
100.5865167, 13.7670557
100.577791, 13.7641696
100.6127444, 13.7599564
100.4867002, 13.7080359
100.4828866, 13.7075992
100.4940143, 13.7286664
100.4959743, 13.7304104
100.4776088, 13.8814095
100.475432, 13.8824623
100.4772265, 13.8837323
100.4783404, 13.8849881
100.413734, 13.8373657
100.4223485, 13.8389098
100.4247242, 13.8362738
100.5176916, 13.674367
100.5173088, 13.6748589
100.5823675, 13.7332761
100.586139, 13.7445104
100.5325985, 13.821867
100.4611722, 13.7875251
100.4944017, 13.7978671
100.4486776, 13.7853595
100.4519582, 13.7853053
100.4517438, 13.7852584
100.4516054, 13.7857666
100.4518502, 13.7858234
100.4635913, 13.7885653
100.4611857, 13.7874951
100.7625302, 13.5963386
100.7621393, 13.5913144
100.7452095, 13.5050721
100.761695, 13.5963089
100.7617153, 13.5973283
100.7612693, 13.5914868
100.7625923, 13.5970622
100.7618371, 13.5982226
100.4402324, 13.5711349
100.419476, 13.5630911
100.7451139, 13.5045616
100.7596638, 13.5024779
100.4963611, 13.7472571
100.5672198, 13.7802917
100.5667326, 13.7784743
100.5801598, 13.7720512
100.5800216, 13.7669979
100.5801974, 13.7669711
100.576761, 13.7674959
100.5776283, 13.7641155
100.5843484, 13.7663371
100.5803582, 13.7895539
100.5742917, 13.78971
100.4765707, 13.8840474
100.6447272, 13.9907336
100.6446569, 14.005316
100.6422567, 14.0496667
100.6446937, 13.990858
100.4901158, 13.8560055
100.4879849, 13.8542752
100.4905965, 13.8562232
100.573742, 13.7784599
100.5680601, 13.7783951
100.5277693, 13.6775229
100.5289945, 13.6789095
100.483432, 13.8556915
100.594097, 13.7130579
100.472538, 13.71954
100.7322802, 13.8503095
100.7324109, 13.8503483
100.7210218, 13.8469386
100.7208914, 13.8469217
100.6975967, 13.8431611
100.6973764, 13.8407609
100.6963549, 13.8432971
100.6249189, 13.86349
100.6409129, 13.8636819
100.686785, 13.8140494
100.3649333, 13.9100271
100.3649422, 13.9148653
100.3597793, 13.9215391
100.3596955, 13.9200744
100.3710676, 13.919269
100.5948265, 13.8412025
100.5949241, 13.8415824
100.541677, 13.5596542
100.4547295, 13.5623349
100.4740292, 13.5573447
100.4740093, 13.5659748
100.4727343, 13.5730929
100.4741219, 13.5656619
100.4843626, 13.569938
100.4782085, 13.5721093
100.4779795, 13.5721894
100.4729868, 13.5734851
100.470074, 13.5805942
100.4752742, 13.581877
100.4701901, 13.5775887
100.472023, 13.5781496
100.4728607, 13.5732157
100.471778, 13.5793801
100.471683, 13.5796217
100.4713542, 13.5810793
100.475482, 13.5818702
100.4917239, 13.5851309
100.4857678, 13.5787395
100.4857142, 13.5789663
100.4848056, 13.5825933
100.4920544, 13.5852816
100.4972553, 13.5877076
100.5065861, 13.5975354
100.5064506, 13.5922795
100.506608, 13.5923053
100.4974094, 13.5877914
100.4764364, 13.5606154
100.4759732, 13.5623439
100.4758499, 13.5625967
100.4743779, 13.5573409
100.491497, 13.5547117
100.5182447, 13.5442203
100.5243517, 13.5868025
100.5309778, 13.5724352
100.4128978, 13.5227267
100.4628143, 14.0479019
100.4586626, 14.0462153
100.4599923, 14.0468586
100.4596226, 14.0465174
100.4599229, 14.0467193
100.4601457, 14.0465519
100.4622303, 14.0479399
100.456117, 14.0419108
100.4583227, 14.0407421
100.4891769, 14.0250893
100.4783469, 14.0064336
100.4522266, 14.0168305
100.452367, 14.0159199
100.4520092, 14.0166603
100.4517943, 14.0163246
100.4448201, 14.0203913
100.4772721, 14.0047985
100.4523826, 14.0144459
100.4520625, 14.0127965
100.4522839, 14.0131115
100.4523875, 14.0141124
100.4518888, 14.0143249
100.4242633, 13.8518933
100.4129419, 13.8453069
100.4030227, 13.517046
100.3892989, 13.5131623
100.401531, 13.516179
100.401616, 13.5159103
100.7453505, 13.5058546
100.7438649, 13.5061324
100.6714745, 13.5619323
100.6736203, 13.5599097
100.6708667, 13.5603753
100.6773396, 13.5597822
100.5145773, 13.7659258
100.7000506, 13.6045139
100.6999171, 13.6039789
100.6999702, 13.6044148
100.452133, 13.5718702
100.4664794, 13.5697287
100.5223328, 13.7795246
100.52207, 13.7796729
100.7820475, 13.7033697
100.6471135, 13.9904701
100.6478517, 13.9906329
100.6506532, 13.9913806
100.6507517, 13.991405
100.6525228, 13.9918717
100.5915115, 13.8216709
100.7893995, 13.7328872
100.7933825, 13.7334212
100.7931787, 13.7330512
100.7843487, 13.7320085
100.7830642, 13.7303857
100.7826106, 13.7304866
100.7841022, 13.7319999
100.4647557, 13.7889632
100.4634814, 13.7885392
100.510567, 13.8084046
100.5103718, 13.8086313
100.4467203, 13.7836474
100.5209862, 13.8147281
100.5208977, 13.8147541
100.7332785, 13.6231973
100.7359983, 13.6260266
100.7409056, 13.6361819
100.702045, 13.7189184
100.7019953, 13.7187834
100.515867, 13.7369687
100.5159734, 13.7370095
