100.6136146, 13.5998603
100.6250558, 13.5997185
100.6458698, 13.6024715
100.5244613, 13.7346555
100.5259919, 13.7434348
100.5231381, 13.7438869
100.5301837, 13.7427403
100.5621901, 13.7188845
100.5664572, 13.7170939
100.5365481, 13.7236094
100.5401114, 13.7166592
100.5352966, 13.7232483
100.5331433, 13.7280564
100.634916, 13.6680315
100.64123, 13.6749993
100.6413147, 13.6753234
100.645881, 13.6763334
100.6391204, 13.6485532
100.6326683, 13.6469152
100.502395, 13.7544459
100.5020057, 13.7519071
100.5046773, 13.7526633
100.502188, 13.753257
100.5048099, 13.7395659
100.5097347, 13.7368835
100.4959326, 13.752434
100.4935723, 13.7523647
100.4944303, 13.7416302
100.4950828, 13.7426879
100.5050135, 13.7711755
100.503143, 13.7726797
100.578442, 13.7552201
100.5740517, 13.7856529
100.5804293, 13.7837955
100.5848656, 13.7811153
100.5918409, 13.7817263
100.5798803, 13.7771782
100.5816688, 13.7775538
100.5922074, 13.7818053
100.6606464, 13.6612797
100.6556158, 13.6509271
100.58028, 13.7779083
100.5823837, 13.7826278
100.5824689, 13.7830791
100.5832958, 13.7895129
100.6392329, 13.6484572
100.650094, 13.6433029
100.5943182, 14.0240581
100.5787696, 14.0284504
100.5411766, 13.7766177
100.5337534, 13.7816483
100.5449633, 13.7807907
100.5414873, 13.7838233
100.6643846, 13.6127157
100.6548862, 13.5789685
100.6760788, 13.609823
100.6498986, 13.5705823
100.4994907, 13.745805
100.4987462, 13.7459751
100.4964901, 13.7482379
100.4975868, 13.7466918
100.4988371, 13.7465295
100.4986615, 13.7452255
100.4982978, 13.75331
100.4961137, 13.7530429
100.4966842, 13.7531343
100.4962683, 13.756321
100.4960549, 13.7533343
100.4972077, 13.7536485
100.4978195, 13.7532657
100.4981513, 13.7573384
100.4986926, 13.75551
100.4971819, 13.7559154
100.5357093, 13.7289931
100.537917, 13.7242357
100.5254969, 13.9916379
100.5263733, 13.9934743
100.5266161, 13.9937563
100.4900618, 13.9557555
100.5022634, 13.9437175
100.5194638, 13.6682791
100.5359461, 13.6612047
100.495326, 13.7567162
100.4987407, 13.7556566
100.5020996, 13.75641
100.5052658, 13.755157
100.5033619, 13.7562778
100.4747812, 13.7107222
100.4746019, 13.7115122
100.4755165, 13.7095826
100.757958, 13.7123889
100.7577527, 13.7141355
100.7560889, 13.7140338
100.7551864, 13.7144302
100.7574436, 13.7166594
100.7578738, 13.7148239
100.7542244, 13.7135225
100.7552816, 13.7150417
100.5246365, 13.7356602
100.5290294, 13.734985
100.5420801, 13.7778464
100.5435815, 13.7768894
100.5394333, 13.8322876
100.5390013, 13.8335916
100.5436529, 13.9110155
100.5440639, 13.911038
100.5440207, 13.9108727
100.5441619, 13.9106275
100.5446306, 13.9109922
100.548953, 13.9101993
100.5489175, 13.9101016
100.5446084, 13.9107285
100.5444458, 13.9105958
100.5437387, 13.9028006
100.5441841, 13.898961
100.5442776, 13.9111838
100.5365653, 13.9348934
100.5366368, 13.9349498
100.5445183, 13.9111328
100.530778, 13.9300637
100.5312352, 13.9295574
100.5174977, 13.740935
100.5221324, 13.740213
100.5510026, 13.9161287
100.5458099, 13.9170233
100.539767, 13.9141328
100.5311685, 13.9295024
100.5390941, 13.9117822
100.542142, 13.911261
100.5422329, 13.9118046
100.5556354, 13.9141303
100.6670764, 13.6851781
100.6733679, 13.6814969
100.6747926, 13.6811682
100.6782215, 13.6802006
100.617204, 13.9842824
100.6086609, 13.9823001
100.6160026, 13.9844276
100.6739371, 13.6813319
100.676695, 13.6754256
100.6847081, 13.6716289
100.6811347, 13.6605966
100.6735362, 13.6814477
100.5321035, 13.7639082
100.5336812, 13.766938
100.6178028, 13.9947612
100.6150559, 13.9948826
100.6151068, 13.9976872
100.4564622, 13.7764698
100.4647671, 13.7814644
100.4466226, 13.7545666
100.5996965, 13.789108
100.5902375, 13.7888675
100.7064212, 13.993859
100.7060085, 13.9938659
100.6866938, 13.9596717
100.687003, 13.9596733
100.6896009, 13.9289291
100.7067498, 13.9294539
100.6821593, 13.9305285
100.6824684, 13.9214194
100.6636627, 13.9612514
100.6850254, 13.9608302
100.6569591, 13.930365
100.6566581, 13.9213301
100.6670492, 13.9950411
100.6630238, 13.9469302
100.688389, 13.9860516
100.5330829, 13.730396
100.5340444, 13.7285236
100.6628367, 13.9319796
100.6156083, 14.027032
100.606227, 13.9349096
100.5708619, 13.9445259
100.5090565, 13.6726795
100.513718, 13.6776149
100.6055825, 13.9829102
100.6051772, 13.9864564
100.6132937, 13.9927974
100.6125178, 13.9895063
100.6145372, 13.9929528
100.6135169, 13.9929345
100.5937547, 14.0280817
100.5799039, 14.0328481
100.5798225, 13.9926531
100.5780672, 14.0129509
100.5789288, 14.0116002
100.5951765, 14.0170049
100.5924222, 13.9845709
100.5982858, 13.9949912
100.5697689, 14.0319067
100.575327, 14.0297526
100.5648005, 13.9947766
100.5599102, 14.0340263
100.5416079, 14.0229077
100.5424146, 14.0231711
100.5381743, 14.0225548
100.5410575, 14.0226183
100.5524196, 14.0127314
100.5633004, 14.0161122
100.5933901, 13.986373
100.5544163, 13.9962988
100.6810977, 13.6604792
100.6768124, 13.6531819
100.58151, 13.7099424
100.5841146, 13.7130258
100.5360383, 13.9882996
100.5508992, 13.9935112
100.5428707, 13.9983867
100.5417331, 14.0006672
100.5446975, 14.0010766
100.5576429, 14.0090359
100.5597042, 14.0092859
100.5596077, 14.0105351
100.5565751, 14.010124
100.5555523, 14.0139906
100.559044, 14.0080003
100.5477952, 14.006215
100.5544853, 14.0055553
100.553841, 14.0097499
100.5580549, 14.0054238
100.5575054, 14.0102501
100.5436324, 14.0030712
100.5436233, 14.003444
100.6807766, 13.6743149
100.6998167, 13.7116982
100.7005027, 13.7118437
100.7006819, 13.7149094
100.6999361, 13.7137907
100.6997616, 13.6811942
100.699021, 13.681059
100.7027917, 13.7217381
100.7031477, 13.7168066
100.7030948, 13.7216228
100.7028183, 13.7212406
100.7026194, 13.7213081
100.7022779, 13.7215659
100.7025899, 13.721727
100.7034834, 13.6956055
100.7034002, 13.6953494
100.7184867, 13.6293704
100.7124405, 13.6034906
100.7124765, 13.6028224
100.7122081, 13.6012497
100.7406685, 13.7180047
100.7402116, 13.7203024
100.5559311, 13.8004461
100.5511912, 13.7978674
100.5587549, 13.7999863
100.7030128, 13.7188695
100.7028369, 13.7188556
100.7028206, 13.718977
100.7029997, 13.718988
100.6413849, 13.6751657
100.6416934, 13.6778015
100.6244566, 13.760382
100.6241145, 13.7619495
100.70751, 13.7063142
100.711432, 13.7060827
100.710557, 13.7053344
100.7071988, 13.7055846
100.7075037, 13.7071898
100.7112973, 13.7071376
100.7053535, 13.7083988
100.7064371, 13.7049904
100.7074992, 13.7078047
100.6163141, 13.7446405
100.61643, 13.7415372
100.5808708, 13.975764
100.7383463, 13.7115474
100.7397045, 13.7142943
100.5283499, 13.9652023
100.5276679, 13.9679762
100.5348714, 14.0171299
100.5341787, 14.0224435
100.5346482, 14.0153434
100.5423416, 14.0230861
100.5451795, 14.0286247
100.5384979, 13.6625417
100.5355519, 13.6599468
100.5266674, 13.6607301
100.5260544, 13.6679684
100.5341477, 13.659005
100.5351965, 13.6602274
100.4939671, 13.7497527
100.496108, 13.7498829
100.5013651, 13.7483813
100.4999958, 13.7485308
100.7359983, 13.6260266
100.7444946, 13.6447493
100.7612656, 13.7345031
100.7611239, 13.7343127
100.7612278, 13.7412097
100.7613662, 13.7412105
100.7611616, 13.736818
100.7613003, 13.7368151
100.761756, 13.7530388
100.7615484, 13.7311073
100.7612438, 13.7330497
100.7611048, 13.7330498
100.7610738, 13.7309867
100.7615487, 13.7544124
100.7598569, 13.7256414
100.7541692, 13.7133424
100.7547494, 13.7131964
100.757492, 13.7125062
100.5754981, 13.8155877
100.5796663, 13.8174161
100.5304171, 13.5730548
100.5503406, 13.5819575
100.5472254, 13.5788268
100.5330056, 13.5748842
100.5582242, 13.9458765
100.566278, 13.9461678
100.388571, 13.5726288
100.3882974, 13.5899928
100.3885965, 13.5722709
100.3646658, 13.5640765
100.3847223, 13.5701424
100.5367927, 13.8797686
100.5341124, 13.8678452
100.4303234, 13.7806775
100.4268171, 13.7755806
100.4007168, 13.7241313
100.3958436, 13.7243987
100.3881712, 13.7251171
100.3955925, 13.724326
100.4055689, 13.7317565
100.3956233, 13.7305006
100.3954033, 13.73456
100.3510007, 13.7588214
100.363661, 13.7575267
100.4067332, 13.7647182
100.3951652, 13.765994
100.4080086, 13.7747401
100.3950989, 13.771483
100.3859046, 13.7719511
100.3948471, 13.7715351
100.3889652, 13.7848334
100.3946296, 13.780981
100.7997713, 13.5638928
100.799461, 13.5629247
100.799392, 13.5627213
100.7228924, 13.5983694
100.720998, 13.558208
100.7043135, 13.5539091
100.7041019, 13.5539412
100.6990853, 13.5604537
100.695567, 13.5729989
100.7197648, 13.5514221
100.69924, 13.5545358
100.6913764, 13.5500177
100.7257652, 13.5425311
100.727672, 13.541522
100.7335507, 13.5403953
100.7340153, 13.5401357
100.7336418, 13.5403716
100.7563843, 13.529944
100.7495877, 13.5300316
100.7274561, 13.5416456
100.7331668, 13.5367171
100.7379003, 13.5733499
100.7457632, 13.5300097
100.7455042, 13.5305697
100.7454154, 13.5307369
100.7258979, 13.5423998
100.6699917, 13.5572082
100.6546757, 13.5224015
100.4072695, 13.7645987
100.426927, 13.7586586
100.3805811, 13.6931724
100.3503656, 13.6826209
100.3847737, 13.6715164
100.3737985, 13.7080643
100.3867632, 13.6502382
100.3913565, 13.6397614
100.3871065, 13.6505145
100.3998849, 13.6330739
100.3763766, 13.6302436
100.3953288, 13.6416381
100.3794407, 13.6221987
100.371945, 13.6385488
100.3625296, 13.5952852
100.3526537, 13.6220528
100.378797, 13.6232519
100.3651271, 13.6036027
100.3647678, 13.6832092
100.3763177, 13.6421297
100.3509344, 13.6798633
100.382051, 13.6887813
100.36267, 13.6460103
100.4078509, 13.6642816
100.4061321, 13.668426
100.3909642, 13.6968842
100.4056927, 13.6692808
100.6012206, 13.6938332
100.6002483, 13.6933474
100.5978923, 13.6935551
100.5976246, 13.6934528
100.5992129, 13.6932915
100.5996419, 13.6930204
100.4561599, 13.9504911
100.4608255, 13.9512543
100.4459877, 13.7546721
100.4460798, 13.7542508
100.4147655, 13.7568722
100.4270261, 13.755776
100.4096044, 13.7905963
100.3948042, 13.7867629
100.4386843, 13.7976535
100.4288616, 13.793279
100.4387485, 13.7999113
100.4488946, 13.8150247
100.4453872, 13.7804858
100.4553215, 13.7774578
100.6191715, 13.6125657
100.6124969, 13.598415
100.5206434, 13.6249949
100.5318065, 13.6305954
100.5209566, 13.6260321
100.5270269, 13.6310281
100.4432444, 13.783645
100.443355, 13.7840712
100.4394649, 13.7867276
100.441018, 13.7878795
100.4434827, 13.7836864
100.4433223, 13.7831756
100.4453345, 13.7809488
100.443685, 13.7832775
100.4635004, 13.7955542
100.4611393, 13.7879832
100.4689027, 13.7869163
100.4666967, 13.7873033
100.4827038, 13.7598777
100.4839881, 13.7595349
100.479711, 13.7598411
100.4808123, 13.7598475
100.4844799, 13.7596919
100.6311768, 13.6950889
100.6326549, 13.6956068
100.6323386, 13.6965326
100.5494936, 13.9547783
100.5493514, 13.9544995
100.548697, 13.9675883
100.5505925, 13.97013
100.5908557, 14.0489427
100.5907633, 14.0495134
100.590758, 14.0495607
100.4524301, 13.9220233
100.460141, 13.9178647
100.4516817, 13.9180915
100.4652109, 13.9134928
100.4616508, 13.9238761
100.4608365, 13.9217378
100.4607342, 13.9261929
100.4654152, 13.9203725
100.4972313, 13.7531914
100.4972099, 13.7575305
100.3659828, 13.5806369
100.3787164, 13.5852221
100.5170067, 13.7545348
100.5144375, 13.7547579
100.5457014, 13.9188194
100.5472095, 13.9189647
100.5379819, 13.9011631
100.5380472, 13.9045786
100.4432359, 13.8424641
100.5134306, 13.7394904
100.5119514, 13.7390594
100.592792, 13.7687139
100.589943, 13.7888965
100.4697407, 13.6988982
100.4688332, 13.697391
100.4684262, 13.6978146
100.4692808, 13.6989718
100.4965815, 13.744297
100.4972469, 13.7441838
100.4924634, 13.7246473
100.477347, 13.7205521
100.4510001, 13.8744812
100.4504178, 13.8756991
100.5271556, 13.9584365
100.5286922, 13.9641743
100.5263915, 13.9561065
100.5120629, 13.9584839
100.5071111, 13.9502089
100.4287131, 13.9081269
100.4516364, 13.9493494
100.4446134, 13.9721307
100.4520438, 13.9496478
100.4251145, 13.9532389
100.424616, 13.9521184
100.4241004, 13.952583
100.4246986, 13.953472
100.4497922, 14.0007025
100.4504215, 14.0014648
100.4506277, 14.0013543
100.4504366, 14.0006166
100.5392075, 13.9665101
100.5389463, 13.9667361
100.5508376, 13.9669848
100.571668, 13.9722506
100.5760235, 14.0222356
100.5804924, 14.0385266
100.5766617, 14.0183362
100.5759471, 14.0227691
100.575934, 14.0228584
100.5498353, 13.742836
100.5491261, 13.7387025
100.7172638, 13.5784539
100.6969596, 13.5811351
100.7214403, 13.5809249
100.7178499, 13.581645
100.7025911, 13.5718562
100.7182681, 13.584862
100.7217081, 13.5842626
100.6835599, 13.9305682
100.5484844, 13.7345599
100.5459886, 13.7346728
100.4166764, 13.662229
100.4252287, 13.667369
100.4102825, 13.6583426
100.4855449, 13.6123748
100.4632094, 13.6256018
100.4631759, 13.6261232
100.4505707, 13.6260579
100.4505602, 13.6264565
100.6514241, 13.7563184
100.6501774, 13.7583626
100.6488871, 13.7630295
100.6509914, 13.7560549
100.6517973, 13.7545511
100.4341502, 13.6296804
100.4133514, 13.6440314
100.5338111, 13.6572476
100.53417, 13.6570331
100.5317993, 13.7835767
100.5341262, 13.7826182
100.5378787, 13.7816214
100.5349513, 13.7834733
100.6305023, 13.703323
100.6294399, 13.7101755
100.4922665, 13.904582
100.5032977, 13.9075733
100.5033701, 13.9075339
100.5049332, 13.9055309
100.5046528, 13.9054227
100.5407316, 13.8915679
100.541379, 13.8942012
100.5102787, 13.6223471
100.5259775, 13.6409666
100.5513352, 13.9159161
100.5505572, 13.9142747
100.5496677, 13.9119089
100.5406248, 13.9179481
100.541637, 13.8941281
100.5412901, 13.8948091
100.3537934, 13.946417
100.3504568, 13.9420906
100.3680603, 13.8286916
100.3647846, 13.8271687
100.352069, 13.8217274
100.3505616, 13.8216504
100.3513472, 13.8034864
100.3543728, 13.8034239
100.6506117, 13.907783
100.5329604, 13.8704635
100.5328965, 13.8677953
100.4316191, 13.7390353
100.4318436, 13.7389237
100.6704905, 13.5588385
100.6704153, 13.5585955
100.6713764, 13.5657334
100.671424, 13.5660183
100.6715323, 13.5659967
100.6714713, 13.5657042
100.6703394, 13.558613
100.6704131, 13.5588772
100.7269962, 13.7637972
100.7275468, 13.7634355
100.7147026, 13.7700736
100.7151614, 13.7698827
100.7055839, 13.7785658
100.7055811, 13.7780189
100.7330273, 13.7606051
100.7051938, 13.7683362
100.7061062, 13.7745684
100.7021414, 13.7926094
100.7043437, 13.7876541
100.4701135, 13.664855
100.4701292, 13.6645941
100.5920132, 13.5753973
100.6058506, 13.5715538
100.5141258, 13.5438106
100.5145063, 13.5439956
100.5326654, 13.5749148
100.5180385, 13.5719761
100.5129509, 13.5715754
100.5303251, 13.5736845
100.5309778, 13.5724352
100.5310263, 13.5720973
100.5322785, 13.5632341
100.5506609, 13.5686844
100.6514291, 13.6172811
100.7009519, 13.5630791
100.6934556, 13.5613809
100.7544758, 13.8220284
100.7625476, 13.8262864
100.7627887, 13.8264196
100.7738601, 13.8330054
100.7515271, 13.8152561
100.754243, 13.8219114
100.7740815, 13.8331966
100.799502, 13.8476236
100.7475702, 13.8245373
100.7470152, 13.8242198
100.7993349, 13.8511327
100.7988548, 13.850917
100.74177, 13.8213673
100.5135487, 13.6778294
100.444844, 13.640017
100.4447495, 13.6400052
100.4417344, 13.6635687
100.4416366, 13.6635065
100.5113914, 13.6449214
100.5040053, 13.6424577
100.5038494, 13.6424112
100.5114835, 13.6451486
100.5224662, 13.6498243
100.4998687, 13.6414733
100.4715653, 13.6800412
100.4310047, 13.7809983
100.4430771, 13.7839271
100.4271388, 13.7586583
100.4452324, 13.7578178
100.3565282, 13.822638
100.3562863, 13.822597
100.3646041, 13.8271053
100.4681724, 13.8329113
100.4817318, 13.8425084
100.4888428, 13.8418515
100.5463356, 13.9485395
100.5420203, 13.9587867
100.49287, 13.9173065
100.4753018, 13.9415417
100.5131906, 13.9577285
100.5151393, 13.9483897
100.4586004, 13.9490196
100.4479522, 13.9293218
100.5515061, 13.9941133
100.563912, 13.9871765
100.5685045, 13.9826146
100.5507613, 13.9824132
100.5506529, 13.9808739
100.5148057, 13.9844368
100.4420835, 14.0021923
100.527721, 13.995579
100.5274543, 14.0069156
100.5671886, 13.9341292
100.5637234, 13.9354565
100.5634414, 13.934468
100.5692783, 13.9587619
100.5689213, 13.9573472
100.5507755, 13.9576069
100.5150187, 13.9852436
100.5238156, 13.9841392
100.6998, 13.6851444
100.5611574, 13.7968304
100.5738741, 13.7979537
100.6445482, 13.7805482
100.6419696, 13.7679277
100.5603904, 13.7998326
100.6667667, 13.6174843
100.6524715, 13.6481518
100.497425, 13.7404325
100.4954309, 13.7411071
100.490872, 13.6886078
100.6057168, 13.6957561
100.7514687, 13.9313506
100.7078361, 13.9293501
100.7790518, 14.0362061
100.7789722, 14.0361983
100.7787176, 14.0361595
100.7067572, 13.9339152
100.7058665, 13.9854345
100.7607715, 14.0302191
100.7494215, 13.9350436
100.7593953, 14.0297996
100.477804, 13.7598955
100.4825603, 13.7597701
100.4825933, 13.7607594
100.6977092, 13.7238316
100.6976892, 13.7241985
100.6978135, 13.7214657
100.6244967, 13.7228234
100.6360471, 13.7536937
100.6356842, 13.7615314
100.6988147, 13.7316145
100.5510253, 13.9163192
100.551288, 13.9164744
100.5522253, 13.9186876
100.5455222, 13.917147
100.5443684, 13.9002076
100.5444606, 13.9002127
100.5403283, 13.88938
100.5331838, 13.8601518
100.6920422, 13.7363501
100.6992868, 13.7335113
100.6961679, 13.7346631
100.6951932, 13.7359014
100.6919514, 13.7340558
100.5393915, 13.8338378
100.6047038, 13.782762
100.5790198, 13.8233578
100.541825, 13.8423803
100.5422628, 13.8422855
100.5193478, 13.8064071
100.5215422, 13.8063894
100.5184219, 13.8540711
100.4930034, 13.8586922
100.6162589, 13.7365026
100.6162651, 13.7408493
100.6164387, 13.7365131
100.5696123, 13.8670372
100.5605306, 13.869977
100.5492885, 13.8723055
100.5492756, 13.872308
100.5663962, 13.8665155
100.567067, 13.8770292
100.609189, 13.7374832
100.6118924, 13.7274491
100.6164066, 13.7272911
100.6128, 13.7274673
100.6246595, 13.7284194
100.6185934, 13.728816
100.6191099, 13.7274634
100.6284662, 13.7210651
100.6275889, 13.7208323
100.6271337, 13.7552907
100.6174544, 13.7520349
100.6292372, 13.8245388
100.6284642, 13.821216
100.6076737, 13.8058122
100.5999909, 13.8047948
100.5966558, 13.8048449
100.6112116, 13.8327912
100.6083187, 13.829921
100.5917787, 13.8318584
100.6030616, 13.8317418
100.6089512, 13.8211164
100.6063847, 13.8210545
100.6063254, 13.8215372
100.596282, 13.8206417
100.6242582, 13.7776808
100.6051077, 13.7883746
100.6645425, 13.7463032
100.6998644, 13.7538016
100.6707521, 13.753756
100.6717091, 13.7582772
100.6697986, 13.7489155
100.7005041, 13.7526541
100.6927689, 13.7684382
100.6933248, 13.7684387
100.7043372, 13.763778
100.7209037, 13.7542261
100.7163219, 13.7314111
100.5138591, 13.7297964
100.5156433, 13.7301769
100.5335934, 13.8055514
100.5362614, 13.8168613
100.5396624, 13.8111102
100.5392065, 13.8110373
100.5347521, 13.8104805
100.5338093, 13.8067078
100.5335822, 13.8067562
100.5390345, 13.7666867
100.5380723, 13.7661216
100.5379626, 13.7661827
100.4928328, 13.842913
100.4920838, 13.8432868
100.4972436, 13.8541944
100.4955276, 13.8432742
100.4940301, 13.8431818
100.4940821, 13.842952
100.5307153, 13.9300101
100.4931551, 13.9132282
100.5138487, 13.8907339
100.5156766, 13.8901932
100.4966343, 13.9127836
100.5496352, 13.8398475
100.4723177, 13.7112035
100.4752315, 13.7119761
100.4931991, 13.8636087
100.5014038, 13.862454
100.4823605, 13.8589744
100.4929117, 13.8586641
100.5421836, 13.8966844
100.5414203, 13.8943752
100.5419577, 13.8968192
100.5424078, 13.8960132
100.5412966, 13.8948346
100.548175, 13.7470754
100.5495093, 13.743034
100.6165212, 13.9846905
100.6158645, 13.9880738
100.6180279, 13.9983772
100.5419745, 13.8980459
100.542115, 13.8984459
100.4323101, 13.8710703
100.4274848, 13.8713637
100.4856071, 13.8486257
100.4808014, 13.8438518
100.5900177, 13.6936626
100.6175825, 13.7364243
100.6136122, 13.7553202
100.4106368, 13.8697303
100.419237, 13.8638444
100.5375986, 13.7688374
100.5387405, 13.7676503
100.5326163, 13.7763046
100.5375167, 13.7653378
100.5384523, 13.7658957
100.6878159, 13.5625681
100.6895299, 13.6065338
100.6979954, 13.5865442
100.6975796, 13.5865974
100.7128427, 13.5531164
100.7122042, 13.558333
100.712175, 13.5584577
100.7207322, 13.5707741
100.7186267, 13.5432209
100.6282708, 13.5771238
100.6144342, 13.5538665
100.7485817, 13.5298632
100.492515, 13.9563378
100.4913735, 13.955977
100.5313204, 13.9512441
100.4923305, 13.9565127
100.4911526, 13.9564429
100.4912674, 13.9561395
100.5388033, 13.9664669
100.6002857, 13.9856659
100.6025503, 13.9857586
100.5606767, 13.8700528
100.5697078, 13.867234
100.5482049, 13.8677573
100.5481826, 13.8677625
100.5490453, 13.9101842
100.5490143, 13.9100869
100.5485069, 13.9089329
100.5485637, 13.9089129
100.5510601, 13.9160225
100.549601, 13.9116403
100.5515675, 13.9160977
100.3945652, 13.7990804
100.3594434, 13.7998758
100.6030296, 13.886097
100.6082005, 13.8839792
100.6191334, 13.8755967
100.6165744, 13.8715954
100.654519, 13.5217722
100.4461624, 14.0499071
100.4468614, 14.0496472
100.4469742, 14.0496579
100.4429965, 14.0280836
100.4467422, 14.0496854
100.4434819, 14.0280647
100.4394005, 14.0293118
100.4464845, 14.0447226
100.4476995, 14.043619
100.4464419, 14.0446457
100.43244, 14.0441714
100.7825134, 13.8122347
100.7789547, 13.7824772
100.7617259, 13.7543923
100.7630003, 13.7542281
100.7614895, 13.7530594
100.7604653, 13.7545329
100.5013691, 13.7546459
100.5011285, 13.7534265
100.4984925, 13.7538013
100.4984361, 13.7534039
100.4951516, 13.7559547
100.4943639, 13.7558712
100.4984167, 13.7532123
100.4972077, 13.753708
100.4984665, 13.7537342
100.6644027, 13.7463132
100.4921735, 13.8427658
100.434063, 13.7546776
100.4339224, 13.7528475
100.7725184, 13.6674671
100.7607895, 13.6418428
100.5743641, 14.0311387
100.5651013, 14.0366855
100.5682282, 13.8721658
100.5689707, 13.8671291
100.6884364, 13.9247479
100.6970634, 13.9217763
100.6968114, 13.929203
100.5652065, 13.9819419
100.5619368, 13.9793609
100.5550325, 13.9797562
100.704381, 13.7874817
100.5680162, 13.9874036
100.568361, 13.9874829
100.6669672, 13.9954733
100.577565, 13.9942424
100.693567, 13.768421
100.7332161, 13.7606011
100.735894, 13.7605949
100.4479881, 13.8400938
100.4491375, 13.8441935
100.5710339, 13.8659006
100.5706665, 13.8667626
100.5703041, 13.8670049
100.5706876, 13.8668564
100.5714762, 13.8667132
100.5716396, 13.867023
100.5722808, 13.867954
100.5708542, 13.8655751
100.5702504, 13.8668903
100.5700697, 13.8668953
100.5701567, 13.8670692
100.5708459, 13.8653027
100.4613056, 13.7874639
100.46246, 13.7861188
100.5691694, 13.8669996
100.5689541, 13.8669626
100.566747, 13.8664673
100.5667397, 13.8666078
100.5662776, 13.8666729
100.5662264, 13.8665432
100.5661696, 13.866692
100.5665296, 13.8669683
100.5665359, 13.8670064
100.5668834, 13.8666299
100.5574889, 13.9317295
100.5575716, 13.9343586
100.563488, 13.9347079
100.5635889, 13.9344625
100.5630889, 13.9346325
100.5635033, 13.9347865
100.5157653, 13.890167
100.5229672, 13.8875164
100.5801629, 13.9243941
100.5753267, 13.9241119
100.6005768, 13.9200136
100.6000516, 13.9204514
100.5428579, 13.8990386
100.542669, 13.8991024
100.5426004, 13.8990554
100.5412668, 13.8942334
100.5410228, 13.8935381
100.5422656, 13.8991592
100.5436732, 13.8985514
100.5432512, 13.8987085
100.5436742, 13.8985207
100.5442055, 13.8984035
100.7498009, 13.9090048
100.7482365, 13.9059318
100.7498079, 13.9055832
100.431092, 13.7208412
100.4327201, 13.7241363
100.420163, 13.729071
100.4213035, 13.7294732
100.4212863, 13.7282628
100.4275685, 13.7472658
100.4273262, 13.7557775
100.4456475, 13.7544494
100.533517, 13.8067689
100.4611214, 13.9508131
100.4599348, 13.9469638
100.4496358, 13.8760902
100.4496705, 13.8762458
100.4593971, 13.9468939
100.4547957, 13.9497903
100.4460721, 13.754417
100.4463782, 13.7545578
100.4698411, 13.9245593
100.4780032, 13.9274895
100.4506239, 13.8756676
100.448842, 13.87634
100.4673158, 13.9402716
100.4752475, 13.927815
100.4598071, 13.9483055
100.4594183, 13.9429753
100.4515282, 13.9180618
100.4452101, 13.917276
100.5490242, 13.8723563
100.5489036, 13.8723795
100.5479502, 13.8678171
100.5478302, 13.8678452
100.453135, 13.9300055
100.443145, 13.9338472
100.4506025, 13.9045688
100.4541997, 13.9017138
100.4460478, 13.921032
100.4378605, 13.9223956
100.4549221, 13.917757
100.4574651, 13.9113056
100.4531935, 13.9013297
100.4578942, 13.893725
100.4502399, 13.8938559
100.462834, 13.8930202
100.4497151, 13.9044595
100.4428367, 13.9333318
100.4362465, 13.9351218
100.417469, 13.9365232
100.4168726, 13.9376751
100.4158715, 13.9344502
100.4173309, 13.9336803
100.4496212, 13.9012299
100.4443903, 13.9051535
100.4203227, 13.9226429
100.4200414, 13.9314006
100.4174005, 13.9336084
100.4180418, 13.9322376
100.4310218, 13.9118129
100.430646, 13.910093
100.4694307, 13.9244681
100.4676634, 13.9248387
100.4749092, 13.9235068
100.4801725, 13.9246337
100.4589962, 13.9089319
100.4783724, 13.9276894
100.4681372, 13.921676
100.4680081, 13.9215706
100.4805067, 13.924858
100.4700559, 13.9226569
100.4594609, 13.944138
100.4591027, 13.9444043
100.4606574, 13.9204312
100.4688607, 13.9239592
100.4723085, 13.9203542
100.4168838, 13.9329086
100.4850745, 13.9304409
100.4539907, 13.9296417
100.467479, 13.9250601
100.4568036, 13.9383955
100.4542191, 13.9402726
100.4570594, 13.9381121
100.4699889, 13.9347187
100.4799821, 13.9286259
100.4549811, 13.9338049
100.4669458, 13.9266067
100.475256, 13.9416644
100.4725738, 13.952937
100.4604027, 13.9266403
100.4605506, 13.9275219
100.479298, 13.9223935
100.4794793, 13.9241508
100.4497482, 13.8021625
100.4487967, 13.8029158
100.4508077, 13.8846944
100.4505988, 13.8846257
100.4505918, 13.8848131
100.4582339, 13.881643
100.4896952, 13.9561629
100.4893819, 13.9283753
100.4911698, 13.9563137
100.5264204, 13.9563446
100.4314113, 13.9651367
100.442222, 13.9480512
100.4726035, 13.9531344
100.4394887, 13.9803058
100.4311354, 13.9658123
100.4166402, 13.9831123
100.3972334, 13.9848237
100.3988062, 13.9815042
100.4332546, 13.9453912
100.4036526, 13.9857879
100.3813051, 13.9945931
100.4346353, 13.9798179
100.3827237, 14.018724
100.3752983, 13.8651048
100.3758576, 13.8714325
100.5708872, 13.9445983
100.6064418, 13.9348423
100.4662148, 13.6555777
100.4695551, 13.635543
100.6041977, 13.8701751
100.6045333, 13.8708348
100.6100813, 13.869963
100.6177899, 13.8709392
100.6105955, 13.8708224
100.6107438, 13.8700437
100.7109513, 13.6012474
100.7120067, 13.6012205
100.7086594, 13.6020468
100.7082132, 13.601921
100.4635307, 13.7203097
100.4632813, 13.7205364
100.4611841, 13.7223652
100.4642192, 13.7197405
100.4164356, 13.9855146
100.4164239, 13.9858005
100.416616, 13.9834603
100.4091854, 14.0374024
100.5456384, 13.7754383
100.5449282, 13.7762263
100.644911, 13.7806672
100.6452434, 13.7807809
100.6449849, 13.7803967
100.6446855, 13.7805583
100.645213, 13.7805525
100.5483234, 13.9209719
100.5494641, 13.9225523
100.54675, 13.9189138
100.5470901, 13.9193837
100.5504991, 13.9239377
100.554277, 13.9280813
100.6097629, 13.8975901
100.6122395, 13.8948029
100.6206002, 13.8777234
100.6215972, 13.8778119
100.6231547, 13.8825794
100.7125101, 13.6008625
100.4932568, 13.9045531
100.4932436, 13.9044735
100.4994286, 13.9058132
100.4994108, 13.9057127
100.44362, 13.8886977
100.4321472, 13.8887822
100.4459712, 13.8768581
100.4451413, 13.8847447
100.4504028, 13.885801
100.4307824, 13.8944397
100.5839499, 13.7127646
100.5837075, 13.7129279
100.5816049, 13.7098773
100.6959272, 13.7349187
100.6928176, 13.7392105
100.4079663, 13.8989702
100.4080264, 13.8973413
100.4074689, 13.8975851
100.4072462, 13.8991961
100.3726951, 13.910376
100.4237273, 13.889668
100.5083012, 13.671969
100.5646825, 13.753205
100.5695671, 13.7535712
100.5646652, 13.7526406
100.5642214, 13.7529601
100.5642589, 13.7525298
100.5681248, 13.7517897
100.650761, 13.8863715
100.6522791, 13.885459
100.6878837, 13.8970703
100.6761707, 13.8972872
100.6912595, 13.8976825
100.6927561, 13.8953961
100.6912859, 13.9012745
100.6534731, 13.8847377
100.6538371, 13.8848023
100.6534878, 13.8842538
100.6534248, 13.8845777
100.6519737, 13.8854812
100.6539141, 13.8844666
100.6912026, 13.896726
100.6905275, 13.8971198
100.653823, 13.8843229
100.6518371, 13.8855662
100.6907891, 13.8977079
100.6161455, 13.7403247
100.616056, 13.7423394
100.6161593, 13.7446611
100.6173537, 13.7521136
100.61613, 13.7423402
100.6162194, 13.740328
100.6160324, 13.7407909
100.6160272, 13.7410175
100.6163709, 13.7380592
100.6161967, 13.7380585
100.6164274, 13.740973
100.6163116, 13.7407885
100.6162618, 13.7418331
100.6159663, 13.741828
100.6158145, 13.7416321
100.5983758, 13.6931197
100.5997124, 13.6932551
100.6017368, 13.6905903
100.6151807, 13.9837385
100.615165, 13.9837905
100.6157817, 13.9833427
100.6161764, 13.9832691
100.6124637, 13.9891939
100.6123927, 13.988019
100.613457, 13.9930011
100.6145255, 13.9930265
100.6132141, 13.9929264
100.6125178, 13.9896117
100.6124313, 13.9895046
100.6132443, 13.9929994
100.6138173, 13.9929399
100.6126461, 13.9892982
100.6126349, 13.9894136
100.6137044, 13.9929379
100.6161825, 14.0402427
100.6161371, 14.0389398
100.6019987, 14.0399409
100.6003001, 14.0385091
100.6165387, 14.049543
100.6052493, 14.0445049
100.6155011, 14.0445611
100.6162101, 14.0410323
100.6048433, 14.0393076
100.6002406, 14.0384172
100.6044947, 14.0446
100.6145797, 14.0391969
100.6109082, 14.0392149
100.6163365, 14.0446313
100.611782, 14.0392106
100.6118074, 14.0400043
100.6163273, 14.0443951
100.6145838, 14.039955
100.6044199, 14.0445674
100.5774159, 14.0439453
100.5806868, 14.0461967
100.5809642, 14.0489179
100.5793975, 14.0455043
100.5573451, 14.0420555
100.5629771, 14.0412311
100.5670069, 14.0481288
100.5669667, 14.0480562
100.5573378, 14.0483869
100.557233, 14.0411504
100.5579297, 14.0396869
100.5574716, 14.0394582
100.5496318, 14.0357864
100.5614167, 14.0370015
100.5624113, 14.037612
100.5635831, 14.0412194
100.5807192, 14.0424408
100.5495669, 14.0354982
100.5417929, 14.0227276
100.5638929, 14.0163026
100.5571712, 14.0063625
100.556721, 14.0101437
100.5421753, 14.0223813
100.5555373, 13.9999255
100.5405998, 14.0225991
100.5425955, 14.0221844
100.5681932, 14.0184759
100.5596869, 14.0346555
100.5573669, 14.039399
100.5418144, 14.0229228
100.5417051, 14.0232219
100.5425061, 14.0224722
100.5646256, 14.036697
100.5636911, 14.0364197
100.5809323, 14.03876
100.5908526, 14.0488791
100.5874426, 14.0294988
100.5867929, 14.0259291
100.5795392, 14.0331941
100.5766063, 14.0373503
100.5764929, 14.0194362
100.5698909, 14.0284191
100.5760367, 14.0213838
100.5761387, 14.0205944
100.5753171, 14.0176319
100.5763679, 14.0195812
100.5779702, 14.0131567
100.5924962, 13.9865028
100.5931678, 13.9859741
100.6023014, 13.9867813
100.6002215, 13.9858936
100.6024464, 13.9871104
100.6007716, 13.9997193
100.5640486, 13.9872097
100.5579081, 13.9795489
100.5567321, 13.9836892
100.5630335, 13.979367
100.562775, 13.9793285
100.5532685, 13.9818266
100.5506658, 13.9866123
100.5506661, 13.9866988
100.5506685, 13.9752226
100.5491166, 13.9685984
100.549347, 13.9677726
100.5335852, 13.9820996
100.5415828, 13.966692
100.5506705, 13.9767352
100.4473497, 14.0493163
100.4471235, 14.0477372
100.4470915, 14.0476082
100.4435401, 14.025759
100.5378569, 13.9073971
100.6203977, 14.0076022
100.6208291, 14.0076039
100.6317498, 14.0391592
100.6317043, 14.0494136
100.6263893, 14.0087651
100.6153956, 14.0064105
100.6318143, 14.0101349
100.6220308, 13.9056241
100.6322476, 13.919366
100.7129086, 14.010404
100.7129372, 14.010341
100.7126975, 14.0108735
100.7127301, 14.0108012
100.7113588, 13.9336589
100.7113598, 13.9335244
100.713127, 13.9338178
100.7062334, 13.9339584
100.5251795, 14.0438116
100.5103317, 14.0495645
100.4951039, 14.049904
100.4750864, 14.0467787
100.4759178, 14.0413112
100.5008226, 14.0496774
100.4992403, 14.0470009
100.5515189, 14.0424915
100.5444455, 14.0362815
100.6573493, 13.9304432
100.6569003, 13.9213231
100.6341121, 13.9226297
100.6573287, 13.9305395
100.634688, 13.9223887
100.6398844, 13.931586
100.6835912, 13.9298086
100.6396237, 13.9317334
100.6394123, 13.931836
100.6392728, 13.9318984
100.6573117, 13.9307644
100.6573587, 13.9320367
100.6419045, 13.9390596
100.6122634, 13.9018303
100.6898836, 13.6451409
100.6832093, 13.6427428
100.6824283, 13.6451007
100.6830509, 13.6472129
100.6827812, 13.6489129
100.5514014, 14.0487172
100.5506608, 14.0425539
100.5443767, 14.036116
100.5398432, 14.0312456
100.5397004, 14.0309633
100.5391988, 14.0284408
100.4960096, 13.7423911
100.505528, 13.6270169
100.4973244, 13.6229394
100.4519621, 13.5425404
100.454847, 13.5589823
100.4663529, 13.5798244
100.4660997, 13.5841934
100.7979911, 13.7235219
100.7970996, 13.7216615
100.7837119, 13.7324939
100.7761748, 13.7526087
100.7614119, 13.7432383
100.7674069, 13.7320694
100.791293, 13.740911
100.7945205, 13.7407855
100.7567505, 13.7165971
100.7580039, 13.7125669
100.5956857, 13.6463674
100.59583, 13.6464365
100.5596398, 13.8078173
100.5569569, 13.8078354
100.4988464, 13.7471483
100.4996017, 13.7464038
100.4975334, 13.7461728
100.5378545, 13.9074787
100.5442737, 13.8989278
100.5402256, 13.915781
100.7468759, 13.7224943
100.7462872, 13.7224874
100.7567446, 13.7140129
100.7468967, 13.728012
100.7462454, 13.7280499
100.7612183, 13.7313544
100.7225715, 13.7307165
100.7225807, 13.7309512
100.740751, 13.7159907
100.7405907, 13.7158469
100.7465001, 13.7255827
100.7463587, 13.7258842
100.7466886, 13.7257571
100.7465973, 13.725581
100.7166373, 13.7313751
100.7167567, 13.7314977
100.7423931, 13.7167989
100.7423279, 13.716795
100.7468749, 13.7277193
100.7463407, 13.7277755
100.7471761, 13.727973
100.7465346, 13.727776
100.7464453, 13.7302749
100.7605033, 13.7255572
100.5278906, 13.9675759
100.5290355, 13.9653289
100.5287953, 13.9654696
100.5284879, 13.9654219
100.5285703, 13.9646907
100.5288839, 13.9647298
100.5291127, 13.9650046
100.5283079, 13.9625241
100.5285054, 13.9660189
100.5282079, 13.9621828
100.528338, 13.9648349
100.5454038, 13.9171645
100.5953811, 13.584266
100.6004153, 13.5838485
100.5123945, 13.7374492
100.5110595, 13.7388305
100.5100923, 13.7366902
100.5110448, 13.7364264
100.5098293, 13.7370338
100.5622489, 14.0321377
100.7556179, 14.0493015
100.7556644, 14.0493013
100.7551856, 14.049303
100.755286, 14.0493026
100.7551344, 13.5346982
100.7505734, 13.5352696
100.5018584, 13.7710701
100.5020908, 13.7713568
100.6669403, 13.995589
100.6650181, 13.9945859
100.6859348, 13.9990654
100.6650683, 13.9952306
100.6650382, 13.995388
100.6850756, 13.9594097
100.6886644, 14.0000649
100.6885147, 13.9979518
100.6884465, 14.0005055
100.688479, 14.0004398
100.767555, 13.7320788
100.6166523, 13.727267
100.6107345, 13.7156466
100.5745392, 13.7989971
100.573744, 13.7989657
100.7972494, 13.9959473
100.7956132, 13.9960957
100.7976469, 13.9959113
100.7948917, 13.9486404
100.7999036, 13.9975164
100.7997989, 13.9957394
100.3558379, 13.6515162
100.3554081, 13.6518703
100.3624115, 13.6462301
100.3503765, 13.6661759
100.6395278, 13.730264
100.6411887, 13.7322639
100.6409714, 13.732158
100.641225, 13.7319112
100.640742, 13.7335845
100.6407725, 13.7297925
100.6404757, 13.7301677
100.6399405, 13.7308055
100.5020191, 13.7733909
100.7036006, 13.9380646
100.7087206, 14.0055076
100.7090397, 14.0087284
100.7087379, 14.0055646
100.7091512, 14.0054565
100.7088707, 14.009117
100.4469128, 13.7376929
100.4471864, 13.7352523
100.5636682, 13.9343681
100.7809162, 13.8851741
100.7797628, 13.8897723
100.7817452, 13.8768336
100.7934421, 13.8919376
100.5579676, 13.9365313
100.7878202, 13.8800586
100.7997129, 13.8902554
100.7980786, 13.8595222
100.7994868, 13.8555949
100.534624, 13.6586954
100.5314102, 13.6568632
100.7669127, 13.7218157
100.7669328, 13.7215902
100.7677112, 13.7216682
100.7677021, 13.7217758
100.5820738, 13.7103714
100.4111737, 13.8036315
100.4391841, 13.8004785
100.7698709, 13.8369576
100.7697711, 13.8368936
100.7631785, 13.8325279
100.7818024, 13.8395336
100.7816289, 13.8399231
100.7824108, 13.8381656
100.7804673, 13.8421584
100.7806103, 13.8422067
100.7736105, 13.839313
100.7811076, 13.8423696
100.7733678, 13.8391852
100.4200716, 13.7920147
100.410145, 13.7907917
100.4165153, 13.7820651
100.4085092, 13.7747917
100.4160124, 13.7746402
100.4203746, 13.7921309
100.4301384, 13.7810842
100.3593855, 13.8000168
100.3505039, 13.8002864
100.7886967, 13.8455108
100.7939255, 13.8483799
100.7937566, 13.8482834
100.7985137, 13.8507642
100.789196, 13.845783
100.4910353, 13.8301728
100.4910802, 13.8299561
100.7549993, 13.8271725
100.7552421, 13.8273312
100.7869995, 13.6719767
100.7801089, 13.675949
100.7845876, 13.6719835
100.7836173, 13.6689644
100.7891346, 13.667077
100.7936499, 13.6651899
100.7835744, 13.6722691
100.7607568, 13.6281362
100.7551572, 13.6133815
100.7830229, 13.6694841
100.7887913, 13.6671708
100.7610706, 13.6290337
100.7647088, 13.6266502
100.7603518, 13.6284811
100.761473, 13.628773
100.7472504, 13.6168633
100.7566664, 13.6222877
100.7639404, 13.6211998
100.7666872, 13.6702884
100.7594265, 13.8300599
100.7630447, 13.8324417
100.7595452, 13.8301355
100.538969, 13.7673427
100.5392478, 13.7670117
100.3986444, 13.9666837
100.4050659, 13.9703442
100.4057671, 13.9718357
100.4156801, 13.9819333
100.4077338, 13.9659244
100.4079141, 13.966052
100.4052432, 13.9704471
100.4089345, 13.9667742
100.4076892, 13.9658929
100.4061304, 13.970962
100.4025521, 13.9614895
100.4194034, 13.9440536
100.3988776, 13.9829001
100.4167541, 13.9811921
100.755896, 13.9100921
100.7646548, 13.8660516
100.3968695, 13.8977495
100.3959296, 13.8982876
100.4066836, 13.8691119
100.3901623, 13.8710309
100.4102004, 13.8683665
100.4043674, 13.8542327
100.3830305, 13.858956
100.4908625, 13.8300843
100.6637923, 13.9953939
100.6630566, 13.9948348
100.3954533, 13.7564867
100.4055088, 13.7551682
100.4821154, 13.6943221
100.4816864, 13.6939232
100.4325928, 13.7252443
100.4318756, 13.725225
100.4281659, 13.7266509
100.4327469, 13.7242751
100.4424237, 14.0165534
100.4420579, 14.0166099
100.4440238, 14.0163984
100.4103282, 14.0246771
100.4206439, 14.0404921
100.4407081, 14.017125
100.4308315, 14.0207082
100.4326401, 14.0299534
100.4408872, 14.0176421
100.4106893, 14.0262814
100.4204475, 14.0408277
100.4204032, 14.0408161
100.4205812, 14.0406229
100.4205379, 14.0406153
100.4213124, 14.039723
100.4213496, 14.0397403
100.4210894, 14.0396068
100.4211265, 14.0396277
100.4278235, 13.6688274
100.4278423, 13.6687514
100.6067956, 13.9347315
100.608003, 13.9343532
100.5389875, 13.6652194
100.694166, 13.9198782
100.3500335, 13.568522
100.3500276, 13.5683578
100.3814685, 13.5226362
100.3815409, 13.5231604
100.3756038, 13.5311112
100.3688831, 13.5536834
100.3814014, 13.5144187
100.3504675, 13.5683812
100.3506557, 13.5681965
100.3518758, 13.5678505
100.3520263, 13.5677454
100.353414, 13.5664064
100.3519831, 13.5676067
100.3532807, 13.5662792
100.3518265, 13.5678381
100.3517472, 13.5676753
100.5422115, 13.7551801
100.5399543, 13.7556535
100.4051955, 13.651166
100.5419039, 13.7590607
100.5405061, 13.7565598
100.4415786, 14.0104035
100.482852, 13.7595751
100.483115, 13.7577406
100.4825788, 13.7605887
100.4844952, 13.7598951
100.7653254, 13.7217468
100.7653226, 13.7216339
100.7585797, 13.7216619
100.7598297, 13.7216747
100.7949496, 13.7406523
100.7961605, 13.7388639
100.7788856, 14.0490514
100.779714, 14.0375496
100.778897, 13.7822408
100.7761591, 13.7527947
100.4848371, 13.8549869
100.4822338, 13.8589281
100.4782217, 13.8513888
100.4785136, 13.8511551
100.7969204, 13.7211122
100.7965203, 13.7197703
100.6986233, 13.7302779
100.701069, 13.7298755
100.4946406, 13.8560211
100.4942468, 13.8541808
100.3546786, 13.8002378
100.3546855, 13.8029324
100.354722, 13.8033015
100.3547367, 13.8034226
100.4977274, 13.7904861
100.4937541, 13.790067
100.4527894, 13.926083
100.4482879, 13.9286841
100.45392, 13.92904
100.4590471, 13.9269299
100.4577296, 13.9267717
100.4529056, 13.9235676
100.4489495, 13.9291378
100.4539627, 13.9313364
100.447765, 13.928799
100.449553, 13.9043638
100.6099737, 13.8790519
100.6165188, 13.8792097
100.6082287, 13.8804632
100.6260144, 13.871863
100.6328054, 13.872432
100.6141396, 13.8953182
100.564672, 13.9374035
100.5677435, 13.9361624
100.5807735, 13.9063485
100.5647351, 13.7084288
100.4767108, 13.6812948
100.4798795, 13.6762464
100.5918821, 13.7688163
100.5923465, 13.7690633
100.5927805, 13.7690209
100.5865167, 13.7670557
100.5477198, 13.8229196
100.5456832, 13.8192858
100.5683986, 13.8668466
100.5693212, 13.8670225
100.5484548, 13.8713215
100.5486479, 13.8712861
100.5475079, 13.8673147
100.5487279, 13.8724563
100.7404831, 13.6038781
100.740695, 13.6038547
100.7411699, 13.6140247
100.7416151, 13.6139726
100.7397215, 13.6129455
100.7396839, 13.6127421
100.7438253, 13.6119392
100.743895, 13.611543
100.7446342, 13.6443171
100.7444356, 13.6429508
100.7219437, 13.6282748
100.7220723, 13.6284013
100.7364278, 13.578275
100.7365216, 13.5783115
100.7370366, 13.5758033
100.7371278, 13.5758007
100.7379781, 13.5735376
100.7381474, 13.5757077
100.7397993, 13.5542898
100.73981, 13.5544879
100.735664, 13.5555931
100.7361461, 13.5555466
100.5642461, 13.7126004
100.5585088, 13.7151335
100.5628252, 13.7155689
100.5619439, 13.7136169
100.7057744, 13.7014969
100.7117264, 13.7061007
100.4353649, 13.8726698
100.4480565, 13.8263152
100.4232592, 13.8276111
100.4231782, 13.8277573
100.4257784, 13.8349647
100.6149131, 13.7102962
100.6382834, 13.7150842
100.6381536, 13.7157993
100.638288, 13.7142489
100.6383337, 13.7144799
100.6385033, 13.7112972
100.7118475, 13.633716
100.7120622, 13.6341033
100.6285934, 13.6309614
100.6280624, 13.6300018
100.6283387, 13.6298714
100.6289309, 13.6307747
100.7389117, 13.7310567
100.7391128, 13.7310296
100.7417097, 13.7306423
100.5168129, 13.6401235
100.508217, 13.6401836
100.5378975, 13.6102653
100.5228435, 13.6023877
100.5460758, 13.6148723
100.5300356, 13.6208654
100.5224174, 13.6051832
100.5196232, 13.5946909
100.459722, 13.61012
100.4802664, 13.6124969
100.479891, 13.6124843
100.481507, 13.6137004
100.476149, 13.6133903
100.4801419, 13.6139352
100.4820842, 13.6021868
100.4487135, 13.7848656
100.4961358, 13.7990829
100.49633, 13.7985682
100.4962365, 13.798534
100.4960438, 13.799053
100.4447772, 13.7852245
100.7330857, 13.6232954
100.7174973, 13.6299087
100.7174332, 13.6298028
100.7384354, 13.6200255
100.7383787, 13.6198601
100.7410571, 13.6140391
100.7391055, 13.6104703
100.7390707, 13.6103243
100.741262, 13.6038696
100.7434024, 13.6033951
100.7438128, 13.6034759
100.7422571, 13.6050218
100.74263, 13.6050714
100.7441312, 13.6176792
100.7430356, 13.6138801
100.7470238, 13.6033178
100.7476729, 13.6033908
100.7478875, 13.6034169
100.7518035, 13.6130677
100.7517391, 13.6129165
100.7516057, 13.6102349
100.7517245, 13.61431
100.7088296, 14.0092179
100.761706, 13.7449112
100.7780141, 13.7447942
100.7998602, 13.7819216
100.7844837, 13.8003718
100.4935619, 13.5859061
100.4930718, 13.5870548
100.4280164, 13.5846618
100.493117, 13.5896821
100.4914825, 13.5901534
100.4899776, 13.594565
100.4888204, 13.5951713
100.4860203, 13.6617908
100.483003, 13.6532108
100.4342167, 13.579683
100.4390375, 13.579192
100.5056528, 13.6447066
100.5053778, 13.6453406
100.505758, 13.6444059
100.4743249, 13.5875539
100.505801, 13.6427995
100.5075512, 13.6513497
100.5059259, 13.6479342
100.4653216, 13.5912216
100.4692224, 13.5936524
100.4858578, 13.5980274
100.4528902, 13.5762306
100.4497218, 13.5721899
100.5049606, 13.6426382
100.5072447, 13.636918
100.5058804, 13.6376248
100.5091758, 13.6399506
100.4853191, 13.6035377
100.4345375, 13.5787368
100.4391332, 13.5791493
100.4371885, 13.5765559
100.4398285, 13.5747677
100.4766763, 13.6698072
100.4767233, 13.6629436
100.4771131, 13.6560625
100.4625859, 13.676111
100.4747015, 13.6868845
100.4694949, 13.6891381
100.4719498, 13.684599
100.4735046, 13.6849915
100.4819354, 13.6894546
100.4818663, 13.6893149
100.4753545, 13.6703909
100.4757704, 13.6694804
100.4635445, 13.6555224
100.4715961, 13.6591507
100.4756884, 13.6595837
100.4718164, 13.6712423
100.4732144, 13.6686122
100.4761708, 13.6559783
100.4813217, 13.6542855
100.4729648, 13.6718764
100.475543, 13.6704644
100.4749983, 13.6595132
100.4768564, 13.6612247
100.5459063, 13.9200488
100.5460169, 13.9200274
100.5453661, 13.9236022
100.5454515, 13.9236603
100.7297126, 13.5067938
100.7298029, 13.507315
100.7319705, 13.5265886
100.7319866, 13.5268077
100.7325391, 13.5312514
100.7325659, 13.5315017
100.7331453, 13.5364825
100.7984352, 13.5399184
100.7883624, 13.5408851
100.7971477, 13.5404764
100.4855899, 13.8191131
100.4849242, 13.8174025
100.4843653, 13.819038
100.4843439, 13.8188962
100.4848052, 13.8188583
100.4851619, 13.8189547
100.4855234, 13.8192906
100.48319, 13.8195371
100.4832949, 13.8198282
100.4829117, 13.8213983
100.484745, 13.8209756
100.4856523, 13.8208484
100.484863, 13.820959
100.4855401, 13.8198823
100.4838733, 13.8211877
100.48367, 13.8203141
100.4831523, 13.8213124
100.4830624, 13.8191831
100.482761, 13.8204757
100.4808827, 13.8211174
100.4802169, 13.8213904
100.4834401, 13.8262852
100.4831846, 13.8243963
100.4832686, 13.824759
100.4853004, 13.8244572
100.4831658, 13.8243447
100.4827305, 13.8231006
100.4831088, 13.8241821
100.4829747, 13.8238188
100.4829499, 13.8236367
100.485679, 13.8215083
100.4853514, 13.8216383
100.4855607, 13.8215497
100.4853729, 13.8215054
100.4856765, 13.8231083
100.485248, 13.8231422
100.4857074, 13.8216978
100.4874762, 13.8218356
100.4855233, 13.8178164
100.7606408, 13.6104468
100.7559954, 13.6000216
100.7558291, 13.600032
100.7535331, 13.5988588
100.7535814, 13.5982957
100.7531766, 13.5956086
100.7489895, 13.5989631
100.7491182, 13.5993281
100.7489781, 13.5962521
100.749546, 13.6015744
100.7495679, 13.6017815
100.7486944, 13.6015701
100.7483511, 13.6015545
100.7494063, 13.601655
100.7473584, 13.6033554
100.7458835, 13.6012364
100.7456635, 13.6007828
100.7449375, 13.5964695
100.7476543, 13.5961558
100.7425098, 13.5802069
100.7427387, 13.5964445
100.7399909, 13.5497221
100.7410745, 13.5402826
100.7497364, 13.5360891
100.7410424, 13.5406372
100.7403986, 13.5447051
100.7402377, 13.5450389
100.7399909, 13.5495031
100.4914504, 13.785521
100.4910788, 13.7846297
100.4814096, 13.786871
100.4810008, 13.7861527
100.48656, 13.7864712
100.4867229, 13.7856386
100.4850114, 13.7845614
100.4806794, 13.7866693
100.4798632, 13.775721
100.4845315, 13.7835893
100.4853473, 13.782827
100.483506, 13.7817163
100.4742533, 13.7765121
100.4715519, 13.7750951
100.4748486, 13.7749283
100.4746204, 13.7762927
100.4754787, 13.7743933
100.4795676, 13.7718509
100.4760412, 13.7748619
100.4753826, 13.7757148
100.4734058, 13.7769664
100.4717351, 13.7781828
100.4719912, 13.7785574
100.4708894, 13.7780636
100.4741553, 13.7737828
100.4805495, 13.7745657
100.4780492, 13.7718931
100.473454, 13.7730299
100.4963389, 13.7877286
100.4930074, 13.788861
100.4924536, 13.7877225
100.4923535, 13.7873139
100.4934829, 13.789214
100.4934466, 13.7896169
100.4947199, 13.7898462
100.4947136, 13.7901058
100.4942785, 13.7887507
100.4936495, 13.7878875
100.4936829, 13.7946091
100.493835, 13.7950195
100.4934118, 13.7863768
100.4944944, 13.7883522
100.4944144, 13.7945781
100.4936667, 13.7951436
100.4899673, 13.7881501
100.493696, 13.7891018
100.4964816, 13.7964904
100.4986202, 13.7993835
100.4891519, 13.7879358
100.4936071, 13.7868609
100.4960084, 13.7856468
100.4956635, 13.7876454
100.5146239, 13.8098116
100.5148704, 13.8085142
100.5133283, 13.807778
100.5824151, 13.7828102
100.5817956, 13.7775233
100.5849706, 13.7821295
100.5805284, 13.7837603
100.4991118, 13.7276948
100.4996194, 13.7264098
100.4702536, 13.7311868
100.4728447, 13.7318329
100.4668312, 13.7188241
100.469177, 13.7226056
100.4660263, 13.7250344
100.4675282, 13.7140747
100.4687942, 13.7184762
100.4669892, 13.7179134
100.4671296, 13.7187574
100.4635816, 13.7288152
100.4661043, 13.7252072
100.4617107, 13.7339605
100.4635988, 13.7287207
100.4592006, 13.7322293
100.4623787, 13.7262106
100.4628454, 13.7267875
100.4620458, 13.7277145
100.4634377, 13.7263245
100.459128, 13.73079
100.4522762, 13.7298768
100.4334818, 13.7518478
100.3682976, 13.7688281
100.3638497, 13.7760164
100.3574438, 13.7569353
100.357639, 13.7560835
100.3564706, 13.7558686
100.3570907, 13.7529426
100.4116772, 13.7448421
100.4117966, 13.7448346
100.4116844, 13.7435302
100.4371381, 13.7369789
100.4379214, 13.7344795
100.4928665, 13.7225414
100.4955145, 13.7227415
100.3559725, 13.755777
100.3592364, 13.7562176
100.4108684, 13.744876
100.4124302, 13.7447947
100.4631028, 13.6262241
100.4694881, 13.6355449
100.4516482, 13.6208879
100.4491423, 13.6192656
100.4513628, 13.619685
100.643296, 13.9645167
100.643292, 13.9644391
100.7003729, 13.7088224
100.7003659, 13.708661
100.7006, 13.7126593
100.7042784, 13.7117619
100.5881162, 13.8028951
100.5832117, 13.8007608
100.5883427, 13.8029401
100.4162968, 13.936324
100.3898223, 13.9614462
100.4120373, 13.8136747
100.4211382, 13.8221087
100.5913594, 13.8185217
100.599675, 13.7914049
100.6877445, 13.8146621
100.6866505, 13.8139731
100.4198171, 13.8546225
100.4260251, 13.8649003
100.4240883, 13.8661758
100.424282, 13.8693922
100.3830233, 13.8944477
100.3830164, 13.894382
100.3830194, 13.8945914
100.3801718, 13.9034334
100.3810483, 13.894862
100.381489, 13.8792442
100.6869899, 14.0495509
100.6872142, 14.0171458
100.6875911, 14.0171557
100.6885234, 14.0006929
100.4761936, 13.7120839
100.4787688, 13.7124271
100.6733645, 13.8505121
100.6800452, 13.8544216
100.6794682, 13.8566272
100.6796268, 13.8544425
100.6791051, 13.8565222
100.5452743, 13.7757099
100.5447879, 13.7760436
100.6196424, 13.7715551
100.620224, 13.7715796
100.6826599, 13.795896
100.5510412, 13.7960205
100.5505959, 13.7957854
100.4647644, 13.5732464
100.4498452, 13.562297
100.4498586, 13.5619542
100.420724, 13.5499398
100.3892007, 13.5501529
100.3875893, 13.5496991
100.376384, 13.5376117
100.3895651, 13.5724399
100.3883991, 13.5884307
100.3769748, 13.5727954
100.3638045, 13.5740827
100.3638681, 13.5706837
100.3638809, 13.569946
100.3646067, 13.5564017
100.3673902, 13.5283695
100.4886215, 13.5952755
100.4741602, 13.5975321
100.4883235, 13.6134652
100.4881142, 13.6134496
100.48346, 13.5977375
100.4935514, 13.5966309
100.4889634, 13.59074
100.4888608, 13.5907886
100.4919955, 13.596642
100.4648684, 13.5919801
100.4647268, 13.5922622
100.4693723, 13.5937458
100.4746207, 13.5951867
100.4659981, 13.5844937
100.4743381, 13.5873674
100.474642, 13.5818692
100.4930016, 13.5872193
100.4968891, 13.5894901
100.4913475, 13.5901923
100.4921311, 13.5965777
100.5384075, 13.5388482
100.5350741, 13.5514234
100.449146, 13.8153422
100.4491608, 13.8150092
100.4452308, 13.8488486
100.4481695, 13.8498169
100.4504049, 13.8461273
100.4486431, 13.8452653
100.4496068, 13.8023008
100.4497678, 13.8023891
100.450072, 13.8046202
100.4503076, 13.8045814
100.3857328, 13.9426352
100.3905274, 13.9470118
100.3893273, 13.9401833
100.5945672, 14.0219597
100.4114832, 13.7318177
100.4117514, 13.731836
100.4062537, 13.732111
100.407134, 13.7325597
100.4181496, 13.7320796
100.4179767, 13.7324201
100.4176413, 13.7323336
100.4072668, 13.7311926
100.4197266, 13.7322668
100.4164836, 13.7325847
100.4159955, 13.7270533
100.4142884, 13.726662
100.416077, 13.7325905
100.4117121, 13.7318333
100.4115549, 13.733737
100.4165281, 13.7327797
100.7897842, 13.7575104
100.7971844, 13.754767
100.6383167, 13.710925
100.6400495, 13.7113523
100.3881687, 13.5726758
100.3882106, 13.5723294
100.6112457, 13.8333331
100.611481, 13.8328638
100.611054, 13.8323389
100.6107831, 13.8330284
100.6109625, 13.833143
100.6116665, 13.8325564
100.6110758, 13.8324014
100.6342719, 13.6862853
100.6996614, 13.5491644
100.6990901, 13.5602933
100.7585432, 13.7215442
100.7597677, 13.7215496
100.7481925, 13.591322
100.7426693, 13.5921478
100.5378857, 13.5409738
100.5990091, 13.66126
100.6017009, 13.6610351
100.6010632, 13.6612342
100.6010133, 13.6615024
100.5991723, 13.6619249
100.599792, 13.6629576
100.378414, 13.8203996
100.3834348, 13.8103516
100.3849231, 13.8108941
100.3872645, 13.8044394
100.3807335, 13.8027414
100.6352142, 13.7195235
100.5715922, 13.8666519
100.5708718, 13.8665433
100.6120439, 13.7274452
100.6241668, 13.7230553
100.6203555, 13.7366003
100.3883218, 13.8716359
100.3752737, 13.8804687
100.798505, 13.511686
100.7949192, 13.5344893
100.7882056, 13.5332635
100.5812094, 14.0438435
100.542564, 13.7472711
100.5434481, 13.7474941
100.6694993, 13.7575697
100.6695694, 13.7563851
100.5324775, 13.7359455
100.5613966, 13.6317316
100.5573795, 13.6339572
100.5617532, 13.6313796
100.4002123, 13.5156593
100.3862731, 13.5144376
100.3985073, 13.5169543
100.3815516, 13.528835
100.681102, 13.6867484
100.799225, 13.6538231
100.7942735, 13.6538337
100.7945027, 13.6536947
100.7984945, 13.6587045
100.3501351, 13.6198944
100.3500542, 13.6199731
100.4026857, 13.9891193
100.3820714, 14.0074579
100.4083653, 14.0010157
100.7999105, 13.6358474
100.796329, 13.6269642
100.7996355, 13.6700488
100.7962254, 13.671078
100.7997446, 13.6295032
100.7916406, 13.6174857
100.7939454, 13.6540254
100.789338, 13.6591694
100.3817463, 13.6147341
100.5234692, 13.6394799
100.5268828, 13.6386721
100.3504318, 13.7356914
100.3552517, 13.7344799
100.6147228, 13.6843747
100.6152745, 13.6842148
100.6147276, 13.6841938
100.4456515, 13.7858328
100.4455949, 13.7869454
100.4505291, 13.7855299
100.4230795, 13.8747791
100.423289, 13.8726076
100.6225817, 13.883138
100.6232187, 13.8862058
100.728337, 13.9711196
100.7325507, 14.0186243
100.7396854, 14.0216533
100.7530616, 14.0172635
100.7532869, 14.0178719
100.7519243, 14.0177267
100.7530825, 14.0177001
100.7516132, 14.0158009
100.7531823, 14.0156493
100.7517843, 14.0178511
100.7517419, 14.0173207
100.7532528, 14.017148
100.7534151, 14.0167841
100.7531583, 14.0151391
100.7534038, 14.0151662
100.762639, 14.0308683
100.7624097, 14.0315169
100.7592017, 14.0303808
100.765253, 14.0316785
100.7650396, 14.0323954
100.4163907, 13.7824759
100.4156899, 13.7911375
100.7370967, 13.6259533
100.744089, 13.642506
100.5266515, 13.8777578
100.5257946, 13.8777607
100.6318817, 14.0494185
100.6422567, 14.0496667
100.6521793, 14.0497109
100.6422378, 14.0492188
100.6457008, 14.0491989
100.6422604, 14.0473301
100.6529924, 14.0473679
100.6422502, 14.0459077
100.6530154, 14.0459517
100.642302, 14.0439579
100.6423104, 14.0430089
100.6423141, 14.0425856
100.6502985, 14.0426806
100.6423078, 14.0420219
100.6530206, 14.0421799
100.6423168, 14.0416616
100.6530225, 14.0418166
100.6423371, 14.0413041
100.6530246, 14.0414452
100.6423432, 14.0402853
100.6423775, 14.0383908
100.6423818, 14.0375718
100.642384, 14.0371596
100.6423868, 14.0366301
100.6423969, 14.0347134
100.6424404, 14.0264725
100.6424577, 14.0231962
100.6635804, 14.0365345
100.5224003, 13.7401608
100.642097, 13.9905874
100.641178, 13.9898151
100.3637136, 13.7347626
100.3639295, 13.734945
100.3637074, 13.7349416
100.3639281, 13.7351671
100.3637201, 13.7345623
100.3639328, 13.7345854
100.3636997, 13.7352393
100.698165, 13.7267653
